
Sequential Quicksort, 
n 
12 0.000191 0.000249 0.000187 0.000178 0.000188 0.000186 0.000178 0.000181 0.000184 0.000181 
13 0.000410 0.000379 0.000378 0.000426 0.000379 0.000382 0.000387 0.000385 0.000407 0.000411 
14 0.000820 0.000802 0.000800 0.000803 0.000810 0.000795 0.000810 0.000861 0.000817 0.000879 
15 0.001767 0.001735 0.001736 0.001699 0.001728 0.001725 0.001725 0.001777 0.001737 0.001739 
16 0.003649 0.003736 0.003589 0.003708 0.003625 0.003546 0.003671 0.003826 0.003677 0.003573 
17 0.007831 0.007312 0.007405 0.007830 0.007792 0.007774 0.007942 0.007765 0.007897 0.007810 
18 0.016141 0.015999 0.016248 0.016347 0.016433 0.015990 0.016337 0.016554 0.016361 0.016391 
19 0.034438 0.034414 0.034193 0.033939 0.034376 0.034173 0.034678 0.034709 0.034508 0.034077 
20 0.070579 0.071621 0.070775 0.071679 0.070972 0.071727 0.070640 0.070130 0.070314 0.071452 
21 0.147602 0.146955 0.147398 0.148679 0.148292 0.147724 0.145310 0.145511 0.150241 0.146409 
22 0.307303 0.301954 0.303142 0.306565 0.303192 0.310994 0.299915 0.306547 0.306751 0.306900 
23 0.638722 0.633661 0.637496 0.631620 0.632961 0.646013 0.634766 0.646809 0.641429 0.634327 
24 1.326505 1.330818 1.332495 1.329182 1.314177 1.341741 1.331368 1.323749 1.330756 1.321924 
25 2.760996 2.821878 2.756113 2.778113 2.754415 2.748641 2.823886 2.755162 2.774548 2.755629 
26 5.761873 5.894452 5.762090 5.729304 5.762524 5.701503 5.790177 5.745955 5.680207 5.697923 

Default Quicksort,  
n 
12 0.000325 0.000292 0.000261 0.000250 0.000259 0.000255 0.000252 0.000256 0.000254 0.000252 
13 0.000644 0.000533 0.000552 0.000536 0.000535 0.000649 0.000538 0.000533 0.000595 0.000546 
14 0.001237 0.001138 0.001136 0.001154 0.001136 0.001120 0.001139 0.001164 0.001136 0.001203 
15 0.002765 0.002572 0.002317 0.002452 0.002391 0.002449 0.002428 0.002452 0.002454 0.002508 
16 0.005569 0.005571 0.004913 0.005192 0.005079 0.004953 0.005213 0.005145 0.005083 0.005160 
17 0.011842 0.011777 0.010434 0.010942 0.010821 0.010949 0.011129 0.010840 0.010988 0.010889 
18 0.025223 0.023732 0.023075 0.023026 0.022408 0.022706 0.022437 0.023555 0.023403 0.024503 
19 0.050962 0.050586 0.046890 0.048032 0.049965 0.050832 0.050448 0.052414 0.050506 0.051009 
20 0.106556 0.106524 0.108179 0.107221 0.106711 0.106291 0.108884 0.109213 0.105207 0.107735 
21 0.223325 0.221600 0.224852 0.220693 0.220214 0.222550 0.220405 0.221268 0.222081 0.223057 
22 0.472392 0.462355 0.465270 0.463431 0.460676 0.459950 0.460476 0.468815 0.463365 0.461864 
23 0.982965 0.969841 0.970982 0.978275 0.974965 0.977607 0.970486 0.984259 0.978480 0.969883 
24 2.044576 2.027744 2.099046 2.031786 2.022369 2.043705 2.029113 2.025471 2.041179 2.069418 
25 4.284190 4.394489 4.254262 4.222787 4.231547 4.210339 4.241274 4.247698 4.229915 4.240741 
26 8.932722 8.982422 8.784900 8.779072 8.776443 8.795255 8.858008 8.885797 8.780768 8.794331 

OPENMP Quicksort, 
n = 12 
1 0.000572 0.002195 0.001832 0.002948 0.001842 0.002110 0.002048 0.001929 0.002197 0.001940 
2 0.000888 0.031514 0.030381 0.032167 0.031096 0.031625 0.032703 0.032596 0.031839 0.031534 
3 0.000623 0.000499 0.000472 0.000529 0.000457 0.000457 0.000536 0.000685 0.000720 0.000722 
4 0.000952 0.000816 0.000848 0.000893 0.000859 0.000848 0.000897 0.001097 0.001109 0.000909 
5 0.001595 0.001410 0.001377 0.001520 0.001391 0.001434 0.001677 0.001588 0.001643 0.001670 
6 0.003480 0.002621 0.002610 0.002712 0.002706 0.002671 0.004363 0.002676 0.002729 0.002787 
7 0.005994 0.005295 0.005350 0.005495 0.005463 0.005460 0.005571 0.006034 0.006621 0.005531 
8 0.013043 0.012060 0.011774 0.011883 0.011992 0.011821 0.011914 0.012040 0.012323 0.012212 

n = 13 
1 0.005932 0.001956 0.002131 0.003247 0.002056 0.001896 0.001967 0.001769 0.001726 0.002120 
2 0.027200 0.030299 0.031950 0.032093 0.029954 0.029057 0.029179 0.030355 0.030205 0.030935 
3 0.000740 0.000634 0.000734 0.000760 0.000704 0.000655 0.000898 0.000937 0.000959 0.000928 
4 0.001080 0.000990 0.000973 0.001144 0.001011 0.001023 0.001141 0.001183 0.001198 0.001257 
5 0.001533 0.001556 0.001612 0.001669 0.001616 0.001593 0.001742 0.001864 0.001652 0.001988 
6 0.002871 0.002697 0.002773 0.003024 0.002820 0.002786 0.003660 0.005321 0.002894 0.003593 
7 0.005553 0.005371 0.005483 0.005859 0.005522 0.005482 0.005920 0.005665 0.005976 0.005602 
8 0.012373 0.011980 0.011988 0.012066 0.011900 0.012096 0.012090 0.012587 0.012397 0.012251 

n = 14 
1 0.008616 0.002272 0.001656 0.002037 0.001957 0.002166 0.002270 0.002291 0.002589 0.003048 
2 0.026106 0.029245 0.029928 0.031504 0.029721 0.029885 0.028329 0.028866 0.030283 0.033169 
3 0.001205 0.000968 0.001040 0.001254 0.000929 0.000951 0.001258 0.001383 0.001261 0.001345 
4 0.001479 0.001356 0.001434 0.001551 0.001388 0.001383 0.001524 0.001788 0.001728 0.001561 
5 0.002314 0.001976 0.002022 0.002193 0.001900 0.001867 0.002104 0.003984 0.002088 0.002430 
6 0.003346 0.003020 0.003207 0.003526 0.003163 0.003178 0.003304 0.003503 0.005093 0.005802 
7 0.007692 0.005715 0.005739 0.006183 0.005790 0.005804 0.006447 0.006175 0.006462 0.006547 
8 0.012521 0.012162 0.012260 0.012559 0.012053 0.012208 0.012543 0.013013 0.012564 0.012924 

n = 15 
1 0.008156 0.003019 0.003269 0.003743 0.002395 0.002379 0.002955 0.003457 0.003083 0.003868 
2 0.026354 0.029914 0.032278 0.032117 0.030628 0.032036 0.029599 0.028971 0.030024 0.029658 
3 0.001925 0.001832 0.001710 0.002119 0.001724 0.001840 0.002035 0.002140 0.002123 0.002335 
4 0.002286 0.002171 0.002253 0.002520 0.002175 0.002264 0.002301 0.002529 0.002293 0.002587 
5 0.004973 0.002602 0.002806 0.003207 0.002605 0.002984 0.003024 0.003528 0.003263 0.003268 
6 0.004475 0.003790 0.003826 0.004264 0.003973 0.004262 0.004186 0.004664 0.004706 0.004442 
7 0.006899 0.006625 0.006549 0.006975 0.006622 0.006938 0.006517 0.007399 0.007316 0.006942 
8 0.013261 0.012845 0.012991 0.013552 0.012739 0.012794 0.013129 0.013469 0.013947 0.013442 

n = 16 
1 0.004154 0.004227 0.004145 0.004334 0.003698 0.003389 0.004548 0.004922 0.004026 0.004138 
2 0.029864 0.030183 0.028979 0.036930 0.028985 0.031057 0.029219 0.029774 0.030062 0.030252 
3 0.003124 0.003191 0.003332 0.005576 0.003250 0.003413 0.003354 0.003574 0.003815 0.003629 
4 0.004006 0.003793 0.003691 0.006140 0.003526 0.003812 0.003942 0.003919 0.003952 0.004489 
5 0.004383 0.004483 0.004166 0.006660 0.004519 0.004139 0.006348 0.005030 0.005701 0.004759 
6 0.006656 0.005410 0.005624 0.007321 0.005656 0.005857 0.005654 0.006081 0.005378 0.005724 
7 0.008496 0.008606 0.008490 0.009107 0.008386 0.008188 0.009151 0.008510 0.008687 0.008627 
8 0.014237 0.014771 0.014685 0.015539 0.014706 0.014117 0.014729 0.015406 0.015097 0.015031 

n = 17 
1 0.008369 0.006200 0.006473 0.006719 0.005644 0.006947 0.006164 0.006288 0.005941 0.006699 
2 0.027377 0.030453 0.029511 0.034214 0.031417 0.029834 0.027818 0.028406 0.027746 0.031554 
3 0.004795 0.006267 0.005093 0.005839 0.005832 0.005064 0.005672 0.005188 0.005445 0.005564 
4 0.007202 0.006857 0.007127 0.007951 0.006995 0.006802 0.006653 0.006747 0.007270 0.007214 
5 0.007760 0.006913 0.007163 0.008399 0.007447 0.007056 0.007916 0.006865 0.007622 0.007331 
6 0.009151 0.008655 0.007926 0.009738 0.008631 0.008674 0.008633 0.008642 0.009696 0.009037 
7 0.011504 0.011584 0.011387 0.013061 0.011624 0.011812 0.012148 0.011709 0.012206 0.012067 
8 0.018444 0.018052 0.016814 0.019357 0.017654 0.018322 0.018503 0.018336 0.018475 0.018368 

n = 18 
1 0.011555 0.010706 0.010756 0.011495 0.011566 0.010876 0.011877 0.011287 0.012225 0.011475 
2 0.028185 0.027532 0.028395 0.035799 0.028500 0.029620 0.029945 0.026573 0.031565 0.027421 
3 0.008441 0.009087 0.008365 0.010059 0.008700 0.007916 0.009146 0.007548 0.008128 0.008696 
4 0.011106 0.011410 0.010141 0.013374 0.010679 0.010227 0.010286 0.010824 0.012398 0.011278 
5 0.013822 0.014027 0.013014 0.017383 0.013978 0.013460 0.015353 0.015199 0.014033 0.014535 
6 0.014271 0.013696 0.014250 0.017480 0.015908 0.014682 0.014959 0.015756 0.014187 0.014432 
7 0.017077 0.016629 0.016791 0.020065 0.017379 0.017869 0.017341 0.017522 0.018782 0.017676 
8 0.024378 0.023989 0.023316 0.027600 0.024781 0.023962 0.024050 0.024880 0.024720 0.025299 

n = 19 
1 0.021797 0.022648 0.021207 0.020549 0.022380 0.022044 0.022248 0.021837 0.021942 0.022430 
2 0.023857 0.023582 0.023920 0.036902 0.026015 0.023972 0.022135 0.024016 0.024481 0.023359 
3 0.014781 0.014365 0.015309 0.017266 0.014351 0.015420 0.014460 0.016091 0.014541 0.014468 
4 0.017706 0.017068 0.015650 0.021583 0.016852 0.017155 0.016929 0.016638 0.018294 0.019030 
5 0.020194 0.020965 0.022020 0.025585 0.020455 0.023526 0.022974 0.024863 0.023082 0.023209 
6 0.026098 0.028216 0.025626 0.033108 0.026536 0.027468 0.027800 0.029244 0.027326 0.026019 
7 0.028982 0.030952 0.027902 0.034146 0.029514 0.031244 0.030286 0.030747 0.031691 0.028809 
8 0.037157 0.037028 0.033675 0.041146 0.036611 0.037090 0.037711 0.036711 0.037615 0.036971 

n = 20 
1 0.042854 0.042423 0.041970 0.041729 0.041942 0.041955 0.044063 0.042002 0.042576 0.042942 
2 0.025235 0.023093 0.023226 0.031201 0.022316 0.022277 0.023915 0.023294 0.024882 0.024314 
3 0.029026 0.028453 0.025922 0.032753 0.027811 0.027607 0.029894 0.027523 0.029069 0.028495 
4 0.030763 0.030752 0.028968 0.034438 0.040021 0.030446 0.035975 0.032814 0.028717 0.030907 
5 0.032137 0.031644 0.037972 0.039476 0.036577 0.037287 0.036961 0.037390 0.035502 0.036903 
6 0.041621 0.044002 0.045308 0.044616 0.049256 0.045336 0.045819 0.044866 0.041965 0.050724 
7 0.053408 0.056588 0.054281 0.058667 0.052265 0.055787 0.056691 0.062317 0.057662 0.056020 
8 0.062328 0.058639 0.061627 0.070244 0.057955 0.058898 0.061460 0.065116 0.060677 0.064371 

n = 21 
1 0.084268 0.084542 0.083342 0.083235 0.084376 0.082137 0.085367 0.081687 0.083459 0.080544 
2 0.046716 0.046170 0.047022 0.046633 0.047696 0.045484 0.047450 0.044709 0.046375 0.045204 
3 0.050280 0.054993 0.050851 0.050807 0.049872 0.050538 0.054078 0.048584 0.050588 0.052468 
4 0.058512 0.060836 0.056065 0.056602 0.058834 0.054474 0.061734 0.060855 0.057341 0.062919 
5 0.056516 0.060940 0.060201 0.065657 0.062592 0.065914 0.071583 0.063075 0.064467 0.066522 
6 0.067987 0.075404 0.072955 0.074477 0.074188 0.085008 0.071964 0.068411 0.078565 0.074249 
7 0.094515 0.094465 0.094648 0.091971 0.093183 0.090767 0.081887 0.096563 0.091576 0.103643 
8 0.114143 0.112079 0.108539 0.115475 0.116014 0.109325 0.115055 0.112045 0.111176 0.107476 

n = 22 
1 0.166326 0.164245 0.168024 0.168080 0.168387 0.171520 0.164793 0.173754 0.170938 0.168468 
2 0.093396 0.095300 0.095870 0.097988 0.091207 0.091687 0.092898 0.098136 0.096306 0.098281 
3 0.100319 0.098777 0.101382 0.101286 0.099049 0.108448 0.101543 0.103953 0.098333 0.103061 
4 0.113536 0.106829 0.115962 0.104451 0.110360 0.109028 0.110003 0.116242 0.111362 0.109409 
5 0.120419 0.112274 0.131019 0.113909 0.124325 0.125592 0.115340 0.127651 0.111921 0.132111 
6 0.147970 0.141567 0.124599 0.138990 0.150164 0.135869 0.128010 0.129036 0.124226 0.121164 
7 0.148729 0.141878 0.161705 0.139299 0.192526 0.171608 0.188366 0.155991 0.163403 0.153085 
8 0.200297 0.193427 0.220261 0.196383 0.186757 0.189150 0.188983 0.198830 0.200503 0.186583 

n = 23 
1 0.342621 0.339218 0.350111 0.351559 0.341405 0.355438 0.354843 0.340839 0.340612 0.339849 
2 0.192150 0.187894 0.194303 0.194390 0.187795 0.205076 0.189563 0.192009 0.190964 0.190874 
3 0.204884 0.196806 0.201237 0.196129 0.201874 0.206036 0.206301 0.200107 0.207903 0.198873 
4 0.226413 0.218192 0.231793 0.227495 0.234924 0.222297 0.221335 0.239491 0.223062 0.217151 
5 0.250983 0.264339 0.245456 0.261347 0.247999 0.236708 0.247855 0.253825 0.236214 0.262691 
6 0.274053 0.298136 0.286822 0.245467 0.256150 0.281398 0.280471 0.227916 0.291321 0.305140 
7 0.312318 0.338796 0.339436 0.326259 0.280767 0.300737 0.287298 0.315298 0.278232 0.246984 
8 0.319734 0.342602 0.368314 0.299093 0.420187 0.360861 0.371075 0.388769 0.344237 0.343407 

n = 24 
1 0.701442 0.700278 0.748112 0.709267 0.717076 0.726861 0.710518 0.709327 0.729002 0.720972 
2 0.397135 0.396247 0.424065 0.400378 0.387915 0.386175 0.393783 0.401321 0.412521 0.394804 
3 0.426105 0.416307 0.423063 0.414732 0.403636 0.405327 0.397280 0.413039 0.422021 0.415566 
4 0.460998 0.460180 0.454172 0.454582 0.463929 0.438928 0.435412 0.444988 0.439805 0.462375 
5 0.467384 0.513559 0.485047 0.448446 0.470709 0.490264 0.469121 0.489453 0.485319 0.520947 
6 0.540394 0.557386 0.487377 0.499858 0.586421 0.586510 0.513701 0.543381 0.533275 0.568211 
7 0.544003 0.591710 0.544236 0.536670 0.631477 0.576265 0.532396 0.529285 0.595174 0.554679 
8 0.575028 0.798661 0.613112 0.569504 0.739675 0.659670 0.552396 0.556840 0.727595 0.731911 

n = 25 
1 1.480285 1.665655 1.484428 1.487862 1.464681 1.448648 1.528422 1.487979 1.508691 1.481717 
2 0.819853 0.846257 0.805259 0.880207 0.799984 0.844877 0.861772 0.851088 0.844892 0.861631 
3 0.835174 0.870052 0.852805 0.888591 0.849614 0.847865 0.892642 0.839881 0.872683 0.858999 
4 0.884978 0.942764 0.944209 0.886933 0.904282 0.881722 0.975959 0.894541 0.905635 0.884849 
5 0.942675 1.063837 1.023542 0.994044 1.021878 0.947197 1.017289 0.908782 0.948630 0.968573 
6 1.056868 1.047318 1.207737 1.068976 1.022206 1.013431 1.182120 0.994663 1.032634 1.023257 
7 0.968406 1.261658 1.396037 1.054048 1.192258 1.145118 1.316554 1.122739 1.039931 1.085207 
8 1.069106 1.293371 1.417562 1.367606 1.275751 1.412674 1.372972 1.219159 1.019514 1.242132 

n = 26 
1 3.031644 3.077689 3.098328 3.071197 3.108731 3.040456 3.067248 3.130278 3.090341 3.026574 
2 1.688404 1.676383 1.815252 1.770985 1.821687 1.716679 1.711705 1.792919 1.706483 1.760312 
3 1.756572 1.751787 1.853997 1.796724 1.827756 1.824076 1.721397 1.792896 1.727321 1.759361 
4 1.863786 1.797468 1.836510 1.956762 1.897862 1.984284 1.793576 1.838816 1.811789 1.829087 
5 2.047813 1.926698 2.052794 2.099911 2.008760 2.065136 1.938218 1.991087 1.915329 1.989755 
6 2.138060 2.115213 2.154273 2.180061 2.093296 2.158410 2.098099 2.134434 2.101363 2.054558 
7 2.054103 2.399485 2.531861 2.368856 2.556906 2.359095 2.283451 2.008082 2.184678 2.465179 
8 2.113680 2.263828 2.173389 2.589476 2.368283 2.612794 2.352495 2.516269 2.635577 2.543671 

