
Sequential Quicksort, 
n 
12 0.000281 0.000283 0.000281 0.000280 0.000281 0.000283 0.000283 0.000277 0.000278 0.000281 
13 0.000604 0.000600 0.000597 0.000608 0.000604 0.000607 0.000617 0.000607 0.000598 0.000605 
14 0.001292 0.001283 0.001277 0.001283 0.001306 0.001298 0.001287 0.001286 0.001290 0.001288 
15 0.002769 0.002783 0.002737 0.002720 0.002791 0.002824 0.002735 0.002776 0.002749 0.002757 
16 0.005897 0.005835 0.005883 0.005889 0.005808 0.005841 0.005808 0.005803 0.005871 0.005838 
17 0.012311 0.012293 0.012373 0.012342 0.012297 0.012365 0.012466 0.012377 0.012351 0.012316 
18 0.025837 0.026009 0.026119 0.025928 0.026069 0.026052 0.026012 0.026039 0.025971 0.025942 
19 0.054872 0.054760 0.055037 0.054374 0.054779 0.054888 0.054934 0.055150 0.054605 0.055238 
20 0.115651 0.115659 0.115106 0.115258 0.116003 0.114987 0.115142 0.114793 0.115548 0.115098 
21 0.240942 0.242541 0.241484 0.241490 0.242319 0.242118 0.240666 0.240883 0.243342 0.243343 
22 0.509773 0.507436 0.506053 0.514058 0.504159 0.508496 0.507772 0.505291 0.506212 0.504558 
23 1.081022 1.062672 1.068365 1.057050 1.058737 1.064874 1.054645 1.052154 1.055426 1.055956 
24 2.217034 2.236030 2.209843 2.225163 2.223892 2.232950 2.214239 2.216472 2.221838 2.219859 
25 4.594014 4.622837 4.678972 4.666371 4.663415 4.604679 4.796586 4.608696 4.618231 4.606750 
26 9.644779 9.574297 9.596313 9.683142 9.745154 9.660483 9.663404 9.634668 9.611753 9.590425 

Default Quicksort,  
n 
12 0.000461 0.000430 0.000436 0.000432 0.000454 0.000435 0.000428 0.000431 0.000435 0.000426 
13 0.001025 0.000914 0.000910 0.000910 0.000912 0.000906 0.000912 0.000906 0.000908 0.000999 
14 0.001967 0.001984 0.001970 0.001969 0.001979 0.001976 0.001980 0.001940 0.001974 0.001946 
15 0.004186 0.004171 0.004182 0.004182 0.004263 0.004210 0.004185 0.004182 0.004162 0.004100 
16 0.008824 0.008795 0.008797 0.008794 0.008800 0.008793 0.008785 0.008626 0.008796 0.008653 
17 0.018560 0.018486 0.018483 0.018518 0.018453 0.018505 0.018439 0.018161 0.018547 0.018150 
18 0.038917 0.038859 0.038847 0.038822 0.038712 0.038919 0.038827 0.038192 0.038825 0.038140 
19 0.081992 0.081416 0.081455 0.081801 0.081429 0.081655 0.081449 0.080250 0.081454 0.080561 
20 0.172823 0.172313 0.172235 0.172170 0.172250 0.171919 0.172372 0.169143 0.172308 0.169360 
21 0.364672 0.362345 0.362611 0.363272 0.362785 0.363557 0.363918 0.362985 0.363988 0.363409 
22 0.765755 0.762343 0.761685 0.761713 0.761484 0.762740 0.761653 0.762308 0.761545 0.761161 
23 1.605997 1.604725 1.605135 1.606636 1.606773 1.605637 1.605596 1.605545 1.604532 1.607109 
24 3.351897 3.352310 3.352832 3.352126 3.355142 3.354839 3.353213 3.351584 3.353398 3.352688 
25 6.997446 7.001530 7.001830 6.999692 6.997066 7.000326 6.997764 7.000001 6.999000 7.001279 
26 14.556723 14.556483 14.553571 14.564526 14.555744 14.566431 14.560657 14.554150 14.554082 14.549914 

OPENMP Quicksort, 
n = 12 
1 0.000664 0.001361 0.001753 0.001308 0.001260 0.001724 0.001595 0.001429 0.001660 0.001688 
2 0.003382 0.007047 0.000878 0.007138 0.005689 0.006298 0.006097 0.008484 0.006549 0.002604 
3 0.004617 0.002286 0.007664 0.004336 0.004190 0.004555 0.004363 0.002226 0.004439 0.006764 
4 0.002688 0.002490 0.002495 0.001357 0.002503 0.002439 0.002484 0.002395 0.002518 0.002471 
5 0.001857 0.001746 0.001829 0.001648 0.001914 0.001604 0.001858 0.001834 0.001711 0.001566 
6 0.002394 0.002739 0.002242 0.002169 0.002458 0.002583 0.002310 0.002384 0.002305 0.002277 
7 0.003537 0.003314 0.003587 0.003618 0.003349 0.003289 0.003846 0.003349 0.003467 0.003517 
8 0.006678 0.006480 0.006454 0.005787 0.005907 0.006063 0.005677 0.005152 0.005796 0.005902 

n = 13 
1 0.002323 0.004013 0.002542 0.003783 0.002081 0.003231 0.003025 0.002443 0.001685 0.002171 
2 0.005948 0.004844 0.005602 0.006798 0.003103 0.004838 0.004757 0.005560 0.005650 0.005500 
3 0.004035 0.004001 0.005852 0.002580 0.002502 0.004025 0.004242 0.004067 0.004005 0.003898 
4 0.003400 0.002974 0.003391 0.003566 0.003884 0.003474 0.003487 0.003550 0.003536 0.002246 
5 0.002742 0.002635 0.002759 0.002305 0.002990 0.002780 0.002861 0.002589 0.002566 0.002403 
6 0.003355 0.003370 0.003395 0.003283 0.003572 0.003731 0.003722 0.003546 0.003279 0.003085 
7 0.004748 0.004629 0.005285 0.004327 0.004369 0.005032 0.005605 0.004581 0.005278 0.004972 
8 0.007483 0.006995 0.006864 0.006682 0.007055 0.007400 0.007929 0.006704 0.007999 0.006728 

n = 14 
1 0.004647 0.002637 0.003231 0.003119 0.002535 0.005934 0.004143 0.003062 0.004148 0.003124 
2 0.006371 0.006161 0.011974 0.008912 0.006551 0.002491 0.006299 0.010725 0.006562 0.005865 
3 0.008338 0.012781 0.006474 0.006918 0.004773 0.007805 0.008220 0.006002 0.008644 0.007597 
4 0.005126 0.005467 0.005752 0.005133 0.005193 0.004977 0.005378 0.004339 0.005694 0.005293 
5 0.005201 0.004715 0.004018 0.004891 0.004632 0.003760 0.004615 0.004008 0.004936 0.004655 
6 0.004690 0.005419 0.005223 0.005148 0.005321 0.006436 0.005265 0.004967 0.005260 0.005371 
7 0.006587 0.006889 0.007006 0.007325 0.006833 0.006934 0.007592 0.007102 0.007026 0.006260 
8 0.009310 0.009853 0.009865 0.010199 0.008869 0.008951 0.009167 0.009114 0.009858 0.010330 

n = 15 
1 0.005055 0.003254 0.004179 0.008565 0.003547 0.004065 0.006699 0.004483 0.003832 0.005588 
2 0.008001 0.009142 0.007431 0.005894 0.007773 0.007495 0.005674 0.004690 0.010095 0.006415 
3 0.009824 0.015539 0.015590 0.009691 0.015557 0.015744 0.015035 0.014964 0.015611 0.015204 
4 0.010318 0.008320 0.009459 0.008008 0.007511 0.009051 0.008571 0.007811 0.008087 0.007772 
5 0.008593 0.008675 0.008459 0.008440 0.007158 0.008960 0.007274 0.008219 0.008399 0.008185 
6 0.008276 0.007703 0.007387 0.009157 0.009134 0.009670 0.008767 0.009404 0.010031 0.009225 
7 0.010171 0.008520 0.010550 0.009840 0.011042 0.010981 0.010514 0.011219 0.010723 0.010818 
8 0.014738 0.014297 0.014433 0.013067 0.014865 0.015465 0.013516 0.013039 0.013408 0.014926 

n = 16 
1 0.007897 0.006740 0.008536 0.008274 0.007052 0.006493 0.008741 0.007574 0.004930 0.008745 
2 0.009972 0.007850 0.007464 0.008982 0.008897 0.010436 0.007733 0.006960 0.010615 0.007873 
3 0.030066 0.029987 0.029799 0.019355 0.018430 0.030217 0.019236 0.030107 0.030090 0.030408 
4 0.016075 0.015948 0.015386 0.016080 0.014869 0.014745 0.016502 0.015670 0.012831 0.015785 
5 0.015484 0.016070 0.014799 0.015464 0.015427 0.015009 0.016160 0.015378 0.015783 0.015843 
6 0.016395 0.017597 0.016700 0.017132 0.016522 0.018464 0.017052 0.017311 0.016062 0.017148 
7 0.019605 0.018077 0.018951 0.018165 0.018301 0.019240 0.019566 0.017973 0.019546 0.018199 
8 0.023656 0.023082 0.020959 0.022992 0.021732 0.022261 0.021146 0.021164 0.020768 0.021084 

n = 17 
1 0.010087 0.011519 0.009621 0.010318 0.010467 0.010468 0.008184 0.008603 0.008658 0.012158 
2 0.011198 0.010959 0.014079 0.008997 0.012782 0.010829 0.011657 0.010149 0.007835 0.011227 
3 0.036637 0.049243 0.038899 0.039954 0.045833 0.043056 0.041161 0.045136 0.028696 0.023301 
4 0.025616 0.028174 0.029709 0.028704 0.029105 0.029380 0.029274 0.026039 0.029740 0.030590 
5 0.029890 0.025353 0.029047 0.030223 0.029152 0.031495 0.026393 0.026559 0.031653 0.029716 
6 0.032082 0.030829 0.031194 0.033307 0.028082 0.032493 0.026446 0.027862 0.028045 0.031776 
7 0.034479 0.031355 0.036451 0.035427 0.033545 0.033270 0.036202 0.034170 0.033761 0.035113 
8 0.037073 0.036975 0.036114 0.035580 0.039149 0.037703 0.036279 0.036760 0.039128 0.035872 

n = 18 
1 0.019460 0.018242 0.016706 0.022436 0.021184 0.018468 0.019297 0.019179 0.018639 0.021619 
2 0.015252 0.020431 0.014281 0.016924 0.014771 0.014706 0.015977 0.014600 0.015311 0.015818 
3 0.032518 0.053607 0.038218 0.030894 0.057035 0.034758 0.038487 0.031244 0.040150 0.038406 
4 0.039551 0.055146 0.045566 0.046353 0.040694 0.047531 0.046606 0.041476 0.051005 0.044502 
5 0.058567 0.060998 0.058432 0.050019 0.060135 0.059079 0.062703 0.062095 0.055419 0.058060 
6 0.062470 0.060641 0.059980 0.064264 0.061500 0.060768 0.063070 0.063345 0.053767 0.062775 
7 0.066397 0.065200 0.062896 0.064934 0.065148 0.063838 0.066581 0.063546 0.063899 0.064136 
8 0.070745 0.077983 0.067877 0.066831 0.067811 0.066493 0.071424 0.068734 0.066089 0.066523 

n = 19 
1 0.039730 0.039056 0.038532 0.039823 0.035206 0.036314 0.034356 0.034155 0.037167 0.038247 
2 0.028092 0.023103 0.026686 0.030443 0.025057 0.028362 0.023908 0.027546 0.026570 0.029355 
3 0.043486 0.037641 0.043252 0.069899 0.067579 0.063074 0.052135 0.060464 0.059696 0.050535 
4 0.056662 0.056987 0.060958 0.062483 0.059793 0.059112 0.063196 0.062176 0.066385 0.067905 
5 0.091313 0.113196 0.111670 0.119649 0.121120 0.116514 0.097346 0.115554 0.083805 0.109077 
6 0.121593 0.122807 0.120510 0.118998 0.104436 0.117787 0.119013 0.121866 0.121053 0.118569 
7 0.125498 0.124846 0.121595 0.122564 0.123916 0.123756 0.122903 0.122919 0.128213 0.120336 
8 0.137172 0.134265 0.123183 0.130833 0.130264 0.110844 0.142743 0.125804 0.131577 0.124656 

n = 20 
1 0.074163 0.072764 0.069235 0.064378 0.065719 0.067630 0.072708 0.068170 0.079538 0.068668 
2 0.052032 0.048530 0.051627 0.049293 0.062172 0.046687 0.045479 0.043250 0.042695 0.043946 
3 0.102579 0.087724 0.082190 0.082588 0.111652 0.049571 0.069661 0.084808 0.061037 0.080198 
4 0.085332 0.081928 0.067677 0.079204 0.107668 0.069227 0.076929 0.065618 0.073594 0.082381 
5 0.164900 0.130771 0.131557 0.128406 0.174241 0.146043 0.114950 0.142784 0.126933 0.117512 
6 0.238964 0.224375 0.232716 0.214985 0.232409 0.238805 0.239167 0.243878 0.193200 0.241432 
7 0.241375 0.248364 0.241972 0.245848 0.234681 0.244000 0.241379 0.240500 0.241636 0.243975 
8 0.252473 0.250972 0.244286 0.252451 0.263135 0.247373 0.253156 0.243228 0.245399 0.257603 

n = 21 
1 0.140352 0.140336 0.138391 0.145930 0.148668 0.136417 0.144327 0.138458 0.142178 0.136922 
2 0.084232 0.087046 0.093082 0.087517 0.092821 0.096849 0.086383 0.087579 0.089712 0.085888 
3 0.093622 0.087867 0.090085 0.103435 0.106965 0.107216 0.114043 0.145424 0.116581 0.123533 
4 0.114129 0.103260 0.103942 0.130177 0.107284 0.123765 0.109062 0.125799 0.128287 0.126707 
5 0.151255 0.170506 0.157133 0.166600 0.169307 0.179107 0.183279 0.178528 0.189174 0.221802 
6 0.333208 0.325808 0.318058 0.339209 0.338830 0.372056 0.382674 0.356803 0.384117 0.456209 
7 0.477581 0.425581 0.482965 0.453032 0.478273 0.469812 0.473432 0.469552 0.475321 0.477109 
8 0.495738 0.483451 0.488205 0.483246 0.491460 0.491491 0.491086 0.480278 0.487934 0.489723 

n = 22 
1 0.273983 0.278219 0.281227 0.275329 0.278551 0.280397 0.269918 0.282512 0.282206 0.275276 
2 0.174233 0.168174 0.169974 0.182590 0.168537 0.165285 0.176912 0.171115 0.168880 0.171846 
3 0.161913 0.164448 0.145996 0.162267 0.155345 0.141397 0.163180 0.166142 0.151789 0.159025 
4 0.194427 0.173138 0.186173 0.178961 0.169409 0.170086 0.177657 0.173847 0.165519 0.178823 
5 0.320268 0.230920 0.232705 0.259861 0.288327 0.286327 0.350937 0.251438 0.219579 0.226154 
6 0.540798 0.493354 0.501761 0.478623 0.527120 0.535558 0.488786 0.344598 0.528347 0.451916 
7 0.943321 0.702774 0.937529 0.775245 0.811910 0.932959 0.935112 0.834421 0.887118 0.833940 
8 0.949522 0.956893 0.834046 0.968933 0.975874 0.967017 0.964348 0.959802 0.961080 0.974070 

n = 23 
1 0.572544 0.557144 0.568607 0.562641 0.561427 0.564895 0.562049 0.559416 0.559692 0.561704 
2 0.343796 0.333745 0.337216 0.325738 0.329053 0.346472 0.322068 0.336943 0.320422 0.321485 
3 0.308986 0.262329 0.274946 0.245285 0.268914 0.273474 0.248945 0.273894 0.268970 0.267265 
4 0.342560 0.282138 0.289079 0.266578 0.303922 0.284228 0.296696 0.304988 0.268078 0.295789 
5 0.594216 0.472735 0.445542 0.385620 0.614595 0.373474 0.445660 0.504156 0.516214 0.413798 
6 1.323663 0.948699 0.771957 0.759951 1.245890 0.725675 1.014321 0.903019 0.764040 0.772597 
7 1.881963 1.540474 1.545352 1.401991 1.458514 1.150435 1.621923 1.476109 1.590944 1.768306 
8 1.978776 1.943794 1.928397 1.800197 1.956441 1.925467 1.928124 1.941889 1.903884 1.927735 

n = 24 
1 1.154583 1.158802 1.169849 1.150286 1.155908 1.173532 1.163286 1.162652 1.171182 1.153070 
2 0.651382 0.661851 0.668486 0.685108 0.650879 0.680219 0.643382 0.687241 0.697405 0.643162 
3 0.485526 0.517156 0.488387 0.485232 0.503213 0.534184 0.459994 0.476532 0.482073 0.480266 
4 0.560807 0.503706 0.513811 0.584282 0.525288 0.619864 0.515968 0.585274 0.513760 0.536872 
5 0.969258 0.808934 0.599279 0.945895 0.867813 0.920978 0.825948 0.953133 0.795808 0.861566 
6 1.664348 1.588283 1.011575 1.472302 1.695536 1.597750 1.627527 1.798163 1.265298 1.732910 
7 2.848527 2.593878 1.801481 2.833895 2.783481 2.727852 2.398870 3.185589 2.340104 2.416188 
8 3.666971 3.881332 3.215091 3.804293 3.898774 3.829326 3.510724 3.673958 3.677043 3.873995 

n = 25 
1 2.403496 2.412998 2.419377 2.411497 2.441215 2.402143 2.520258 2.428300 2.421498 2.413104 
2 1.355133 1.363176 1.372618 1.397149 1.356432 1.366713 1.456984 1.395493 1.382323 1.381050 
3 0.964923 0.928958 1.043010 1.061650 1.025872 0.889585 1.132384 0.975828 0.941580 0.901690 
4 1.012213 0.972261 1.105509 1.075226 1.096131 0.981341 1.277376 0.996447 0.971104 0.977976 
5 1.577154 1.496122 1.854865 1.734586 1.692146 1.700255 1.778847 1.628897 1.371917 1.370606 
6 2.969813 2.407350 3.750026 3.341481 3.297135 2.963347 3.458869 2.769482 2.301202 2.010558 
7 5.054372 4.228747 6.411774 4.978455 5.741224 5.026499 5.168144 5.511499 3.730145 4.004304 
8 7.598300 6.678555 7.911035 7.619909 7.224949 6.217214 7.323854 7.729038 5.194375 6.290306 

n = 26 
1 4.994444 4.935793 5.021014 5.001114 5.101740 5.055098 5.006019 5.028980 5.101571 4.997076 
2 2.788385 2.712034 2.815186 2.835984 2.954128 2.754028 2.773030 2.864692 2.785477 2.809955 
3 1.880019 1.900334 1.835309 2.117771 2.095238 1.847299 1.858071 1.882099 1.832317 1.953710 
4 1.923395 1.951490 1.957722 2.160427 2.112359 1.984534 1.980141 1.985103 2.047072 2.041431 
5 2.569046 2.665460 2.274663 3.193695 2.690799 3.219293 2.798859 2.432100 3.070663 2.873602 
6 4.526119 4.559304 3.340135 5.374408 4.177955 6.104674 4.461431 4.176693 6.183069 5.386817 
7 8.562210 7.914922 5.593810 9.187898 7.137520 11.194759 7.882100 6.990904 10.625821 9.678465 
8 12.965847 14.054941 11.236811 14.145125 12.557299 15.248849 12.880503 11.910335 14.057300 13.922330 

