
Sequential Quicksort, 
n 
12 0.000281 0.000283 0.000280 0.000279 0.000282 0.000283 0.000284 0.000278 0.000278 0.000285 
13 0.000604 0.000601 0.000609 0.000600 0.000610 0.000607 0.000606 0.000605 0.000624 0.000602 
14 0.001294 0.001297 0.001293 0.001279 0.001303 0.001300 0.001307 0.001288 0.001301 0.001301 
15 0.002771 0.002778 0.002741 0.002729 0.002770 0.002744 0.002744 0.002780 0.002733 0.002745 
16 0.005907 0.005839 0.005896 0.005881 0.005816 0.005850 0.005816 0.005806 0.005860 0.005863 
17 0.012352 0.012374 0.012385 0.012441 0.012309 0.012445 0.012558 0.012456 0.012434 0.012397 
18 0.025925 0.026045 0.026254 0.025970 0.026221 0.026144 0.026130 0.026066 0.026088 0.025998 
19 0.054909 0.054818 0.055058 0.054440 0.054820 0.054929 0.054968 0.055154 0.054679 0.055336 
20 0.115730 0.115680 0.115178 0.115127 0.116061 0.115103 0.115223 0.114855 0.115566 0.115148 
21 0.240978 0.242631 0.241842 0.241697 0.242541 0.242209 0.240737 0.241084 0.243739 0.243526 
22 0.510774 0.508245 0.507264 0.514732 0.504307 0.509812 0.508735 0.505860 0.506929 0.505099 
23 1.082823 1.065685 1.070490 1.059777 1.061698 1.066924 1.057280 1.054889 1.057868 1.058834 
24 2.221616 2.240930 2.214553 2.230561 2.229328 2.237901 2.219341 2.222551 2.227335 2.225871 
25 4.606288 4.628770 4.688646 4.678157 4.673636 4.616761 4.805094 4.621701 4.628476 4.618869 
26 9.670902 9.599466 9.622154 9.708144 9.764512 9.683475 9.692575 9.656817 9.643015 9.614415 

Default Quicksort,  
n 
12 0.000466 0.000428 0.000430 0.000435 0.000427 0.000432 0.000431 0.000430 0.000433 0.000437 
13 0.000929 0.000910 0.000913 0.000927 0.000918 0.000908 0.000922 0.000924 0.000913 0.000912 
14 0.001944 0.001935 0.001930 0.001943 0.001924 0.001932 0.001923 0.001947 0.001926 0.001940 
15 0.004103 0.004097 0.004101 0.004099 0.004096 0.004089 0.004102 0.004180 0.004106 0.004111 
16 0.008677 0.008710 0.008646 0.008690 0.008682 0.008697 0.008732 0.008647 0.008698 0.008644 
17 0.018333 0.018150 0.018251 0.018167 0.018241 0.018155 0.018176 0.018193 0.018166 0.018151 
18 0.038494 0.038274 0.038223 0.038224 0.038253 0.038280 0.038234 0.038180 0.038249 0.038244 
19 0.081736 0.080598 0.081533 0.081492 0.081519 0.081536 0.081530 0.081506 0.081478 0.081571 
20 0.172863 0.172355 0.172359 0.172448 0.172328 0.172432 0.172349 0.172398 0.172307 0.172403 
21 0.364125 0.362418 0.362438 0.362480 0.362645 0.362733 0.362460 0.362381 0.362758 0.362506 
22 0.766063 0.760883 0.761141 0.761129 0.761195 0.761127 0.760930 0.761217 0.761114 0.761200 
23 1.603221 1.603159 1.602721 1.603021 1.603258 1.603064 1.603394 1.603492 1.603345 1.603071 
24 3.354611 3.357211 3.354918 3.355688 3.354687 3.354587 3.356978 3.354591 3.355629 3.355113 
25 6.994425 6.995113 6.994944 6.995351 6.994645 6.995088 6.995914 6.995827 6.995254 6.996467 
26 14.568991 14.563654 14.569080 14.565771 14.564006 14.562422 14.570147 14.559700 14.562055 14.562634 

CILK Quicksort, 
n = 12 
1 0.000594 0.000554 0.000525 0.000494 0.000514 0.000594 0.000574 0.000523 0.000492 0.000516 
2 0.000630 0.000486 0.000491 0.000456 0.000549 0.000432 0.000495 0.000459 0.000415 0.000496 
3 0.000910 0.000725 0.000580 0.000617 0.000673 0.000711 0.004709 0.000641 0.000661 0.004650 
4 0.001353 0.001279 0.009027 0.001023 0.001073 0.001037 0.001033 0.001014 0.032282 0.024592 
5 0.002566 0.001851 0.002090 0.001835 0.001687 0.001879 0.001662 0.001847 0.001977 0.061665 
6 0.004523 0.003608 0.003359 0.003817 0.003001 0.003660 0.003142 0.011434 0.003577 0.003387 
7 0.008315 0.006537 0.006467 0.227812 0.006100 0.006821 0.005937 0.007439 0.006084 0.006654 
8 0.006960 0.006942 0.006435 0.005893 0.236533 0.006345 0.006346 0.006548 0.006973 0.006934 

n = 13 
1 0.000541 0.000517 0.000606 0.000528 0.000570 0.000579 0.000509 0.000605 0.000541 0.000580 
2 0.000528 0.000580 0.000690 0.000612 0.000594 0.000642 0.000500 0.000709 0.000570 0.000570 
3 0.000976 0.008619 0.001079 0.006439 0.001119 0.008719 0.008616 0.000951 0.008789 0.000892 
4 0.009873 0.027656 0.004758 0.014548 0.017194 0.012003 0.025735 0.054582 0.021746 0.004630 
5 0.123577 0.040031 0.002423 0.034838 0.010681 0.002501 0.001920 0.092620 0.074162 0.038115 
6 0.072403 0.003594 0.003443 0.111971 0.073085 0.161630 0.011778 0.003549 0.003560 0.130442 
7 0.105687 0.042160 0.139349 0.260261 0.138151 0.166265 0.210765 0.090278 0.248628 0.007206 
8 0.241751 0.007626 0.260434 0.090949 0.090691 0.007446 0.089888 0.078564 0.006529 0.393361 

n = 14 
1 0.001043 0.001009 0.001119 0.001004 0.001076 0.001046 0.000932 0.000944 0.001008 0.000977 
2 0.000859 0.000929 0.001057 0.000861 0.001025 0.001004 0.000871 0.000801 0.000887 0.000864 
3 0.002068 0.001033 0.003440 0.008745 0.002704 0.010365 0.001054 0.008919 0.001012 0.008270 
4 0.040759 0.042679 0.024130 0.016346 0.024555 0.045240 0.045130 0.004833 0.027461 0.035874 
5 0.061266 0.152531 0.047901 0.051641 0.003219 0.048420 0.090020 0.049916 0.194068 0.076478 
6 0.004212 0.088099 0.127076 0.128875 0.178186 0.003910 0.170150 0.012070 0.078040 0.004269 
7 0.008474 0.358612 0.031122 0.028708 0.016908 0.290078 0.053925 0.274027 0.008969 0.091329 
8 0.067817 0.363192 0.105208 0.245990 0.150571 0.090124 0.110445 0.007911 0.136146 0.150818 

n = 15 
1 0.001784 0.001710 0.001839 0.001855 0.001861 0.001782 0.001826 0.001901 0.001829 0.001768 
2 0.001336 0.001365 0.001421 0.001403 0.001432 0.001394 0.001400 0.001529 0.001336 0.001479 
3 0.009276 0.001465 0.001735 0.001713 0.009021 0.001534 0.008648 0.001498 0.001476 0.001675 
4 0.002127 0.004063 0.009025 0.026365 0.009700 0.018050 0.032030 0.010354 0.020971 0.002103 
5 0.011603 0.039977 0.087202 0.047882 0.058899 0.036112 0.083718 0.010929 0.002682 0.027454 
6 0.012860 0.044436 0.004436 0.047586 0.230073 0.143896 0.021181 0.086220 0.074397 0.004699 
7 0.031133 0.257891 0.371689 0.081194 0.057832 0.014590 0.362989 0.046501 0.119100 0.045069 
8 0.069423 0.205690 0.306969 0.379358 0.310625 0.328151 0.248008 0.255863 0.144538 0.008322 

n = 16 
1 0.003561 0.003491 0.003855 0.003534 0.003595 0.003657 0.003619 0.003526 0.003608 0.003548 
2 0.002637 0.002441 0.002970 0.002562 0.002545 0.002378 0.002623 0.002466 0.002384 0.002320 
3 0.002710 0.002311 0.003132 0.002522 0.002478 0.002414 0.002562 0.009506 0.002555 0.002261 
4 0.041455 0.003187 0.009278 0.003096 0.026886 0.023050 0.004150 0.003160 0.002677 0.002803 
5 0.015920 0.030734 0.025253 0.007003 0.072867 0.062938 0.051902 0.033450 0.094471 0.003377 
6 0.052176 0.005730 0.131847 0.197236 0.103483 0.103342 0.296315 0.118063 0.006182 0.005401 
7 0.018909 0.476936 0.465881 0.013128 0.281685 0.041394 0.428501 0.193101 0.043829 0.331995 
8 0.134213 0.196226 0.392034 0.468282 0.220511 0.307454 0.568661 0.555140 0.212811 0.199644 

n = 17 
1 0.007227 0.007893 0.007851 0.007267 0.007099 0.007152 0.006938 0.007173 0.007260 0.007271 
2 0.005305 0.005196 0.004763 0.004604 0.004816 0.004640 0.004424 0.004437 0.004561 0.004392 
3 0.007073 0.005341 0.004497 0.009216 0.005096 0.004106 0.003885 0.004050 0.004292 0.003623 
4 0.004268 0.007045 0.038969 0.004606 0.010887 0.004866 0.005065 0.004412 0.032787 0.004219 
5 0.005221 0.006764 0.090237 0.035091 0.006419 0.018790 0.005213 0.057071 0.023891 0.123050 
6 0.007025 0.133526 0.008091 0.046955 0.107518 0.098200 0.198809 0.163526 0.177871 0.015715 
7 0.141824 0.261446 0.390020 0.419381 0.038720 0.397498 0.042860 0.010662 0.024929 0.102877 
8 0.413394 0.417790 0.397419 0.020643 0.281617 0.251514 0.442314 0.146560 0.279372 0.236039 

n = 18 
1 0.014835 0.016321 0.014117 0.014718 0.014520 0.014849 0.015281 0.014748 0.014917 0.014818 
2 0.008921 0.009282 0.008690 0.009695 0.009109 0.008936 0.009169 0.009279 0.008690 0.008555 
3 0.006844 0.009089 0.007558 0.008158 0.007133 0.008021 0.007405 0.007167 0.007520 0.006515 
4 0.016625 0.010045 0.010069 0.008064 0.008199 0.014185 0.030098 0.008269 0.030045 0.007434 
5 0.119491 0.011107 0.015052 0.070315 0.023938 0.012443 0.048672 0.011827 0.009089 0.046437 
6 0.300502 0.026507 0.159135 0.077213 0.165295 0.262252 0.033645 0.139628 0.138160 0.210514 
7 0.065092 0.497358 0.162742 0.584495 0.471452 0.145783 0.313618 0.166392 0.110649 0.025411 
8 0.065718 0.395089 0.284033 0.175221 0.301911 0.014772 0.391368 0.152912 0.218712 0.362469 

n = 19 
1 0.030937 0.030882 0.030651 0.032704 0.030315 0.032537 0.030775 0.031028 0.030881 0.035063 
2 0.018226 0.017781 0.022340 0.024870 0.018490 0.018769 0.018612 0.018480 0.019396 0.022266 
3 0.015433 0.014158 0.016619 0.014733 0.024412 0.020207 0.015609 0.016862 0.016189 0.024719 
4 0.027806 0.019472 0.016136 0.022703 0.020751 0.024342 0.023650 0.030508 0.074694 0.020503 
5 0.183989 0.050883 0.045266 0.110897 0.090716 0.054637 0.060852 0.073833 0.062796 0.178535 
6 0.093847 0.204828 0.129790 0.071185 0.078419 0.082550 0.038897 0.089077 0.149590 0.321448 
7 0.020504 0.466499 0.280211 0.350899 0.299171 0.159520 0.131087 0.336187 0.352408 0.360180 
8 0.081034 0.634081 0.154274 0.647409 0.344912 0.206329 0.275018 0.222692 0.344310 0.533778 

n = 20 
1 0.063711 0.064807 0.064247 0.065102 0.063570 0.064922 0.063036 0.064503 0.069467 0.063435 
2 0.039376 0.039878 0.039435 0.043243 0.042615 0.037349 0.043771 0.037134 0.037134 0.035829 
3 0.036441 0.031112 0.032024 0.032871 0.034242 0.032961 0.027368 0.027834 0.039593 0.026307 
4 0.030892 0.047193 0.040457 0.049414 0.060956 0.038542 0.025670 0.032530 0.033899 0.049597 
5 0.161113 0.080058 0.078112 0.065229 0.072026 0.053809 0.124448 0.067486 0.148589 0.097477 
6 0.335321 0.173281 0.270984 0.217838 0.163342 0.135791 0.075557 0.212775 0.297321 0.189154 
7 0.465885 0.385288 0.244694 0.357431 0.445547 0.353931 0.425181 0.388095 0.312169 0.271963 
8 0.542697 0.419188 0.329930 0.425549 0.404731 0.315213 0.315049 0.301218 0.651253 0.280158 

n = 21 
1 0.133705 0.137860 0.132068 0.130496 0.131626 0.130854 0.131840 0.135467 0.133787 0.138251 
2 0.077561 0.077456 0.076871 0.076479 0.076292 0.074627 0.075769 0.074628 0.072728 0.077546 
3 0.056237 0.056884 0.060404 0.057864 0.058109 0.055453 0.054869 0.075924 0.055430 0.062043 
4 0.050802 0.056884 0.057482 0.049416 0.064810 0.062750 0.076188 0.059044 0.067404 0.059151 
5 0.126520 0.110231 0.096605 0.084363 0.067096 0.079409 0.104019 0.106864 0.122816 0.134848 
6 0.370942 0.246077 0.196693 0.293005 0.223818 0.164057 0.288329 0.184634 0.135643 0.188610 
7 0.299315 0.483932 0.517898 0.537126 0.442128 0.404742 0.570326 0.321256 0.370149 0.484596 
8 0.641085 0.387325 0.447293 0.584621 0.404407 0.463494 0.378349 0.687668 0.441601 0.382385 

n = 22 
1 0.269166 0.268844 0.271249 0.267366 0.268827 0.269052 0.277389 0.271714 0.274754 0.269828 
2 0.150487 0.181799 0.154472 0.159190 0.147148 0.151092 0.163492 0.155394 0.155240 0.154323 
3 0.118619 0.119572 0.103989 0.113415 0.111272 0.118273 0.111764 0.106140 0.112629 0.118717 
4 0.118928 0.112987 0.108817 0.111842 0.142230 0.108944 0.132179 0.104694 0.101092 0.107413 
5 0.159202 0.157312 0.183083 0.130304 0.140701 0.149223 0.195750 0.177257 0.146366 0.158890 
6 0.406446 0.227868 0.236146 0.325627 0.258529 0.290462 0.266323 0.359469 0.233266 0.211382 
7 0.870320 0.687116 0.366677 0.502039 0.494686 0.493281 0.622223 0.358202 0.600872 0.532490 
8 0.800283 1.106938 0.575957 0.472360 0.892469 0.481278 0.594340 0.380296 0.449728 0.518390 

n = 23 
1 0.563163 0.559495 0.565144 0.561631 0.557772 0.567414 0.555851 0.560466 0.564777 0.558842 
2 0.324844 0.303338 0.319540 0.306399 0.302614 0.319637 0.306729 0.313761 0.313854 0.311154 
3 0.259262 0.200369 0.214683 0.225531 0.208025 0.212405 0.199664 0.188788 0.214325 0.203370 
4 0.277377 0.241969 0.230412 0.198244 0.219590 0.230700 0.317251 0.195317 0.191821 0.207861 
5 0.621314 0.370064 0.356055 0.289458 0.241193 0.245686 0.429509 0.236625 0.233584 0.263983 
6 1.117301 0.320369 0.361678 0.335787 0.714802 0.370664 0.316317 0.437373 0.390514 0.383508 
7 1.963131 1.835945 0.657046 0.795233 0.737631 0.721343 0.638009 0.490361 0.500420 0.419053 
8 2.559957 0.944370 0.609212 0.961616 0.763024 0.773189 1.122166 0.535317 0.754354 0.494247 

n = 24 
1 1.159337 1.158140 1.173384 1.160215 1.156061 1.171496 1.159368 1.170824 1.176168 1.156774 
2 0.627980 0.646346 0.656749 0.653247 0.627604 0.656835 0.624996 0.651933 0.657587 0.630009 
3 0.443322 0.448569 0.411559 0.409719 0.402952 0.439690 0.404920 0.414684 0.445403 0.416651 
4 0.421285 0.611191 0.437335 0.650085 0.491249 0.470543 0.412540 0.434058 0.424597 0.472654 
5 0.504550 1.170693 0.439536 0.936505 0.733715 0.573342 0.644824 0.532303 0.465749 0.660820 
6 1.504319 1.410118 0.603561 1.862197 1.633080 1.113993 0.632868 0.644241 0.678665 0.745235 
7 1.853312 2.929174 0.833768 2.715558 0.974261 1.890120 1.381136 1.109819 0.787176 0.846129 
8 2.288770 3.404025 1.471483 1.741314 2.785667 1.235849 1.217857 0.890259 0.997532 2.799760 

n = 25 
1 2.419876 2.413943 2.412658 2.424567 2.418120 2.385289 2.504603 2.432308 2.443632 2.435240 
2 1.336962 1.296751 1.280261 1.329842 1.322494 1.273217 1.443196 1.336928 1.347411 1.358141 
3 0.797350 0.789041 0.882419 0.873909 0.892114 0.792024 1.015262 0.824784 0.833865 0.846868 
4 1.112695 0.895515 1.148781 1.400972 1.117046 1.030882 1.110679 0.920201 0.866734 0.893380 
5 1.326229 1.093187 2.223792 1.950804 1.649320 1.580038 2.301553 1.485448 0.891771 0.930435 
6 1.658647 1.311577 5.152613 3.844199 2.412019 2.871390 5.227790 2.579880 1.582940 1.677689 
7 3.520369 4.317880 9.641639 6.332497 7.302643 5.482810 11.254028 2.844943 1.716607 1.846611 
8 7.308551 4.804528 9.495607 4.944842 5.543964 6.946459 9.290320 4.100547 2.400727 1.831560 

n = 26 
1 5.037069 4.997061 5.068694 5.102734 5.151653 5.049573 5.056915 5.078222 5.053244 5.061548 
2 2.716158 2.677071 2.826157 2.811589 2.946830 2.729158 2.733332 2.831906 2.801193 2.802826 
3 1.708504 1.621473 1.771250 1.833249 1.922477 1.714249 1.707789 1.738793 1.747257 1.662809 
4 1.937322 1.783874 2.042529 2.671726 2.112662 2.122336 2.249025 2.040940 2.016168 1.879852 
5 3.907686 2.042910 2.216828 4.364936 3.433810 3.314764 3.480298 3.414493 3.100025 3.398014 
6 7.322631 3.555254 3.489933 7.997835 7.200328 7.109920 6.361866 6.239263 6.334992 5.620783 
7 15.480156 11.852999 7.611697 14.705080 7.968848 14.110154 12.191852 10.707239 10.712918 7.842234 
8 11.176147 11.749337 7.602242 17.668737 12.971281 16.603094 12.910310 10.629698 12.585715 10.361912 


Sequential Quicksort, 
n 
12 0.000281 0.000282 0.000281 0.000296 0.000283 0.000281 0.000282 0.000278 0.000278 0.000281 
13 0.000603 0.000601 0.000601 0.000599 0.000615 0.000606 0.000605 0.000617 0.000600 0.000600 
14 0.001319 0.001285 0.001274 0.001278 0.001324 0.001287 0.001284 0.001288 0.001290 0.001311 
15 0.002768 0.002779 0.002744 0.002725 0.002772 0.002738 0.002727 0.002783 0.002749 0.002755 
16 0.005909 0.005852 0.005893 0.005935 0.005819 0.005847 0.005819 0.005809 0.005888 0.005858 
17 0.012399 0.012313 0.012498 0.012372 0.012387 0.012445 0.012552 0.012439 0.012452 0.012335 
18 0.025929 0.026021 0.026135 0.026019 0.026211 0.026149 0.026099 0.026161 0.025999 0.026007 
19 0.054893 0.054825 0.055077 0.054383 0.054813 0.054897 0.054988 0.055182 0.054624 0.055292 
20 0.115703 0.115759 0.115173 0.115151 0.116088 0.115049 0.115315 0.114877 0.115573 0.115129 
21 0.241211 0.242729 0.241657 0.241615 0.242339 0.242333 0.241006 0.241149 0.243484 0.243506 
22 0.511763 0.507903 0.506423 0.514382 0.505130 0.509199 0.507884 0.505814 0.506898 0.505218 
23 1.083336 1.065510 1.070247 1.060186 1.061255 1.067793 1.057704 1.054213 1.057924 1.059239 
24 2.222690 2.240229 2.216813 2.230235 2.229976 2.237209 2.219444 2.222589 2.226904 2.226285 
25 4.607242 4.635144 4.692875 4.677536 4.674534 4.615329 4.806334 4.621327 4.629709 4.618305 
26 9.666236 9.601083 9.619917 9.707830 9.765627 9.683176 9.684444 9.656555 9.644431 9.612132 

Default Quicksort,  
n 
12 0.000444 0.000428 0.000429 0.000429 0.000428 0.000429 0.000427 0.000430 0.000432 0.000429 
13 0.000909 0.000923 0.000916 0.000910 0.000913 0.000919 0.000911 0.000909 0.000910 0.000913 
14 0.001927 0.001930 0.002014 0.001956 0.001925 0.002015 0.001935 0.001932 0.001939 0.001935 
15 0.004101 0.004090 0.004100 0.004090 0.004095 0.004095 0.004092 0.004098 0.004107 0.004100 
16 0.008739 0.008750 0.008668 0.008688 0.008739 0.008725 0.008642 0.008683 0.008734 0.008713 
17 0.018296 0.018165 0.018211 0.018231 0.018211 0.018172 0.018164 0.018211 0.018186 0.018260 
18 0.038486 0.038249 0.038244 0.038253 0.038243 0.038264 0.038217 0.038253 0.038239 0.038248 
19 0.081661 0.080587 0.081546 0.081504 0.081477 0.081488 0.081472 0.081447 0.081418 0.081444 
20 0.172471 0.172070 0.172193 0.172411 0.172230 0.172159 0.172271 0.172211 0.172210 0.172310 
21 0.363898 0.362155 0.362544 0.362176 0.362550 0.362669 0.362688 0.362609 0.362273 0.362093 
22 0.763972 0.761015 0.760247 0.761087 0.761064 0.760810 0.762098 0.760390 0.761285 0.760494 
23 1.600669 1.601154 1.600791 1.599797 1.599813 1.600633 1.599729 1.600730 1.599720 1.600964 
24 3.353327 3.348544 3.350092 3.355190 3.350933 3.351767 3.352388 3.355678 3.350854 3.353581 
25 6.981672 6.986281 6.980583 6.978614 6.981848 6.983809 6.981325 6.986479 6.983596 6.980559 
26 14.551413 14.549284 14.549042 14.546268 14.544999 14.547323 14.543040 14.550641 14.550132 14.548790 

CILK Quicksort, 
n = 12 
1 0.000544 0.000542 0.000500 0.000499 0.000500 0.000536 0.000592 0.000511 0.000507 0.000537 
2 0.000500 0.000512 0.002118 0.000452 0.000429 0.000433 0.000496 0.000516 0.000440 0.000462 
3 0.005331 0.008719 0.000787 0.008561 0.000835 0.011417 0.004394 0.000847 0.000770 0.005911 
4 0.001449 0.024991 0.036963 0.037142 0.001032 0.037173 0.001493 0.001060 0.001026 0.001062 
5 0.011070 0.043478 0.093577 0.002030 0.173925 0.002001 0.001848 0.001716 0.080884 0.073700 
6 0.004920 0.003756 0.091887 0.003394 0.033620 0.003048 0.003710 0.003264 0.003690 0.091231 
7 0.007378 0.007001 0.006664 0.006703 0.007385 0.006072 0.006688 0.006453 0.006447 0.006830 
8 0.007034 0.006899 0.005949 0.006331 0.006425 0.006090 0.006555 0.006135 0.006544 0.006730 

n = 13 
1 0.000520 0.000574 0.000540 0.000745 0.000490 0.000498 0.000539 0.000477 0.000531 0.000519 
2 0.000572 0.000578 0.000829 0.000519 0.000558 0.000643 0.000662 0.000582 0.000549 0.000507 
3 0.016543 0.008611 0.008849 0.008661 0.008603 0.000811 0.004243 0.000837 0.008794 0.008816 
4 0.025252 0.002431 0.027762 0.001395 0.021277 0.034679 0.023988 0.019194 0.014950 0.016828 
5 0.002020 0.051417 0.010003 0.098881 0.052049 0.002069 0.029384 0.010246 0.046582 0.062321 
6 0.004111 0.003709 0.005130 0.003657 0.003864 0.003439 0.011822 0.003961 0.003601 0.075436 
7 0.015729 0.023552 0.304971 0.007432 0.163678 0.151934 0.132257 0.006479 0.331795 0.032049 
8 0.194983 0.163478 0.007383 0.090553 0.134725 0.008977 0.214059 0.008236 0.174778 0.127325 

n = 14 
1 0.001040 0.001038 0.001057 0.001006 0.001088 0.000979 0.000905 0.001026 0.000984 0.000965 
2 0.000996 0.000916 0.000887 0.000897 0.000935 0.000894 0.000825 0.000775 0.000798 0.000866 
3 0.007673 0.008701 0.002188 0.009016 0.009194 0.008957 0.001138 0.000960 0.001106 0.008845 
4 0.032158 0.026083 0.001891 0.022215 0.021423 0.013167 0.001661 0.022083 0.001582 0.023401 
5 0.038073 0.094186 0.067014 0.023745 0.008169 0.005606 0.015835 0.052551 0.048503 0.045431 
6 0.004921 0.169016 0.040209 0.037669 0.129012 0.011400 0.212269 0.136770 0.244700 0.259292 
7 0.015611 0.165444 0.007982 0.035862 0.149156 0.014125 0.207855 0.008095 0.168361 0.152867 
8 0.231822 0.405510 0.116202 0.156595 0.381872 0.276154 0.145631 0.163802 0.237931 0.390893 

n = 15 
1 0.001851 0.001731 0.001883 0.001810 0.001792 0.001797 0.001838 0.001829 0.001831 0.001758 
2 0.001315 0.001428 0.001273 0.001402 0.001494 0.001397 0.001408 0.001541 0.001268 0.001450 
3 0.012239 0.008777 0.001483 0.004773 0.001647 0.008679 0.005393 0.008703 0.001480 0.001896 
4 0.010478 0.004817 0.028697 0.052527 0.033737 0.059829 0.017886 0.032671 0.010552 0.025378 
5 0.037935 0.056191 0.041390 0.002790 0.010185 0.003021 0.086314 0.067747 0.054369 0.064986 
6 0.013747 0.185185 0.108196 0.114602 0.145162 0.005339 0.004558 0.004514 0.129363 0.068317 
7 0.189916 0.439431 0.162170 0.153371 0.029311 0.015718 0.362675 0.008695 0.244957 0.330482 
8 0.347295 0.101839 0.050813 0.606888 0.236236 0.262524 0.247687 0.148484 0.325160 0.371262 

n = 16 
1 0.003584 0.003634 0.003857 0.003578 0.003673 0.003665 0.003552 0.003509 0.003642 0.003582 
2 0.002793 0.002481 0.002498 0.002438 0.002588 0.002475 0.002562 0.002634 0.002396 0.002409 
3 0.009136 0.002459 0.002778 0.012796 0.003316 0.002584 0.007989 0.002305 0.003596 0.002223 
4 0.019572 0.002835 0.003975 0.010645 0.003173 0.003055 0.008195 0.002530 0.022881 0.002669 
5 0.038609 0.003828 0.053148 0.056680 0.045860 0.054859 0.036022 0.041807 0.034977 0.011360 
6 0.065714 0.203362 0.081551 0.017899 0.211069 0.131940 0.246686 0.161141 0.006699 0.080360 
7 0.185392 0.322734 0.252093 0.260167 0.010034 0.573541 0.065952 0.204313 0.505202 0.373479 
8 0.072652 0.297604 0.357749 0.353391 0.457966 0.600701 0.231046 0.628304 0.299599 0.233952 

n = 17 
1 0.007204 0.007853 0.007144 0.007238 0.007116 0.007150 0.006987 0.007155 0.007076 0.007298 
2 0.004511 0.005714 0.004534 0.004554 0.004959 0.004582 0.004291 0.004429 0.004587 0.004478 
3 0.004020 0.008897 0.004515 0.009110 0.004495 0.003783 0.008609 0.004064 0.013614 0.004311 
4 0.004817 0.009989 0.030423 0.015040 0.007049 0.005099 0.004366 0.084912 0.026451 0.005275 
5 0.091799 0.082291 0.058695 0.040385 0.007410 0.006036 0.006221 0.005780 0.051529 0.023517 
6 0.233262 0.230365 0.101458 0.013937 0.120134 0.157209 0.122010 0.121798 0.068322 0.014105 
7 0.196133 0.327029 0.646629 0.436213 0.233657 0.017308 0.220259 0.086799 0.018818 0.312625 
8 0.227486 0.516685 0.313921 0.394091 0.361558 0.290895 0.275385 0.200613 0.201015 0.524013 

n = 18 
1 0.014553 0.015270 0.014281 0.014717 0.014685 0.014843 0.015294 0.014747 0.014893 0.014783 
2 0.008920 0.009513 0.008790 0.009203 0.009253 0.008985 0.008593 0.009406 0.009095 0.008702 
3 0.007321 0.009393 0.008029 0.007185 0.008266 0.007126 0.008798 0.007193 0.008167 0.007131 
4 0.019969 0.008692 0.008227 0.043358 0.035266 0.008370 0.021134 0.008238 0.009928 0.031218 
5 0.009194 0.011946 0.125370 0.009213 0.016153 0.064099 0.081572 0.041891 0.112591 0.052013 
6 0.017751 0.013600 0.078758 0.019080 0.159652 0.153046 0.120414 0.213129 0.118093 0.090977 
7 0.085572 0.678523 0.490728 0.429984 0.019666 0.220332 0.052722 0.059088 0.022248 0.031775 
8 0.166912 0.343986 0.267804 0.351234 0.018335 0.292773 0.222074 0.073777 0.026890 0.105004 

n = 19 
1 0.030931 0.030381 0.032207 0.032632 0.030332 0.031611 0.030781 0.031052 0.030948 0.034946 
2 0.017920 0.017874 0.019268 0.018174 0.018339 0.018254 0.018107 0.018808 0.018783 0.021865 
3 0.019025 0.015058 0.018456 0.016731 0.014658 0.017392 0.014264 0.014904 0.015361 0.018440 
4 0.016081 0.034555 0.014987 0.014628 0.016558 0.030622 0.018484 0.024252 0.030163 0.042862 
5 0.105306 0.015570 0.084863 0.083394 0.018363 0.128637 0.048291 0.118574 0.071085 0.047711 
6 0.235031 0.218146 0.193745 0.079414 0.048833 0.064956 0.138042 0.138393 0.115946 0.100221 
7 0.304002 0.388935 0.256366 0.277340 0.469666 0.407460 0.261350 0.321103 0.400089 0.242143 
8 0.182092 0.371476 0.427373 0.244824 0.129967 0.673453 0.599292 0.331907 0.224626 0.325259 

n = 20 
1 0.063630 0.064885 0.064278 0.065053 0.066523 0.064749 0.064323 0.064467 0.069455 0.063446 
2 0.037402 0.037849 0.038897 0.043152 0.045741 0.037210 0.037378 0.039954 0.043991 0.036022 
3 0.030783 0.031010 0.034313 0.050688 0.034331 0.031113 0.051359 0.033632 0.037727 0.027055 
4 0.060412 0.036661 0.027697 0.031672 0.033725 0.029575 0.026674 0.035935 0.049673 0.028083 
5 0.070339 0.059628 0.056571 0.083135 0.111162 0.069153 0.073551 0.029124 0.103379 0.094064 
6 0.266106 0.183654 0.268209 0.226357 0.135452 0.183270 0.160206 0.171917 0.180484 0.152949 
7 0.477485 0.337541 0.497841 0.310950 0.644031 0.556425 0.450956 0.384647 0.398721 0.130638 
8 0.467006 0.408237 0.368443 0.452304 0.705954 0.215064 0.338378 0.431639 0.378748 0.288783 

n = 21 
1 0.133648 0.137811 0.132164 0.130568 0.131697 0.130750 0.131885 0.135697 0.133956 0.138619 
2 0.074480 0.092161 0.077365 0.075449 0.075649 0.074854 0.073924 0.071497 0.073406 0.073900 
3 0.063401 0.059733 0.061557 0.062996 0.059667 0.053195 0.063808 0.063538 0.053129 0.058259 
4 0.057040 0.070613 0.057646 0.049441 0.060568 0.060607 0.066628 0.060487 0.058742 0.065880 
5 0.093195 0.127613 0.108142 0.101025 0.120900 0.081595 0.105836 0.172890 0.111529 0.113165 
6 0.188466 0.322957 0.152741 0.225733 0.162951 0.193527 0.369039 0.253480 0.211320 0.242152 
7 0.636483 0.572680 0.587132 0.212223 0.440194 0.468055 0.612303 0.449565 0.518548 0.368012 
8 0.478270 0.415278 0.498871 0.489935 0.381888 0.509194 0.521616 0.639233 0.578797 0.512113 

n = 22 
1 0.269135 0.268642 0.270974 0.267229 0.268539 0.268867 0.277257 0.271927 0.274927 0.269659 
2 0.171992 0.152379 0.155530 0.157926 0.148506 0.155163 0.156080 0.156689 0.156703 0.153994 
3 0.111437 0.121470 0.112434 0.109368 0.105287 0.117150 0.106921 0.112136 0.105767 0.106937 
4 0.104999 0.110014 0.108196 0.120199 0.140729 0.105763 0.122759 0.101644 0.098309 0.116666 
5 0.216260 0.289979 0.188476 0.166841 0.161085 0.183229 0.187165 0.161891 0.186308 0.199297 
6 0.437441 0.217876 0.302298 0.276515 0.217840 0.416412 0.282728 0.303143 0.264722 0.328078 
7 0.744797 0.674922 0.537625 0.368537 0.561928 0.462508 0.861921 0.537536 0.559012 0.435815 
8 0.851098 1.016495 0.655272 0.335907 0.574137 0.617690 0.670769 0.463141 0.615401 0.663548 

n = 23 
1 0.563007 0.559091 0.565258 0.561555 0.556892 0.567432 0.555241 0.560487 0.564929 0.558678 
2 0.330223 0.310539 0.317695 0.307088 0.321114 0.323556 0.306870 0.310193 0.306319 0.311200 
3 0.256242 0.207526 0.234390 0.202377 0.214587 0.215866 0.236856 0.191431 0.214831 0.226796 
4 0.243437 0.208236 0.197624 0.201101 0.275275 0.210581 0.235822 0.195990 0.199147 0.198837 
5 0.539665 0.242722 0.258959 0.258367 0.361040 0.313106 0.264084 0.243018 0.260022 0.297609 
6 0.829685 0.545167 0.364143 0.385974 0.782842 0.287361 0.455949 0.443185 0.341711 0.331873 
7 1.890513 0.985296 0.513565 0.728773 1.816286 0.538469 0.566456 0.640299 0.549170 0.645487 
8 2.783977 0.902954 0.711642 0.500300 0.715803 0.545264 0.848462 0.657069 0.502497 0.603698 

n = 24 
1 1.158525 1.157645 1.172944 1.159591 1.155482 1.170902 1.158411 1.170547 1.175512 1.155909 
2 0.625878 0.637806 0.659700 0.651447 0.630242 0.646528 0.623291 0.652745 0.655568 0.626999 
3 0.409891 0.444355 0.414679 0.415644 0.421315 0.444867 0.480161 0.413817 0.419581 0.439041 
4 0.415000 0.539867 0.413493 0.449995 0.512465 0.463093 0.524681 0.540945 0.463755 0.605226 
5 0.621869 0.766405 0.578629 0.895265 0.624733 0.623615 0.504895 0.544893 0.496017 0.544284 
6 0.614256 1.683256 0.638603 1.414086 1.607381 1.317997 0.891819 0.880547 0.685468 0.933919 
7 2.106461 2.750463 0.800033 1.856253 1.973734 1.543114 2.703511 0.795076 1.039523 1.329910 
8 1.709884 1.276621 0.813758 1.659508 1.301033 0.690010 1.916289 1.085868 0.806552 1.907146 

n = 25 
1 2.419405 2.412879 2.411449 2.422505 2.416721 2.383398 2.502291 2.430105 2.443034 2.435483 
2 1.332158 1.297096 1.284987 1.317111 1.311752 1.272526 1.436234 1.336647 1.346677 1.354608 
3 0.902192 0.783161 0.871709 0.878705 0.880633 0.784895 1.009800 0.827928 0.827658 0.846301 
4 0.996611 0.879904 1.413902 1.140765 1.035415 1.166196 1.106573 1.012358 0.960446 0.848223 
5 1.432186 1.325748 1.764324 1.936604 1.343731 1.222495 2.332407 1.658245 0.996733 0.919289 
6 2.921226 1.862844 4.012868 3.511083 3.543715 2.081350 5.097687 2.595876 2.134306 1.031081 
7 5.728939 4.601457 9.221572 5.321697 3.109188 6.581236 11.334575 2.290272 3.023681 2.615718 
8 6.210223 3.553383 4.938372 6.956479 3.163940 7.428883 9.490138 4.055687 1.716447 1.859244 

n = 26 
1 5.033009 4.993477 5.065976 5.100124 5.148198 5.044607 5.053167 5.075115 5.050590 5.057259 
2 2.726535 2.675569 2.817806 2.901848 2.945868 2.756666 2.732139 2.807438 2.785379 2.790754 
3 1.789204 1.612950 1.746730 1.897148 1.898973 1.726266 1.767484 1.741781 1.659835 1.765008 
4 2.062103 1.870693 1.848435 2.608727 2.380563 2.155802 2.355111 2.259550 1.761645 2.048826 
5 3.238160 2.382207 2.271877 4.562759 3.392874 3.970671 3.745286 2.493818 3.623279 3.193320 
6 7.001395 4.144855 4.098923 8.404820 5.792415 6.875466 5.731108 5.643805 5.400475 5.685081 
7 11.160027 3.665409 3.375649 17.565678 14.482935 16.980267 9.283884 11.313878 13.537036 7.947775 
8 11.969679 12.332106 6.698516 16.949917 16.167256 16.181258 11.115602 11.207583 13.951914 9.320694 

