
Sequential Quicksort, 
n 
12 0.000503 0.000459 0.000491 0.000503 0.000476 0.000494 0.000486 0.000484 0.000456 0.000518 
13 0.000995 0.001007 0.001084 0.000951 0.001177 0.001089 0.001078 0.001095 0.001125 0.000971 
14 0.005717 0.002311 0.007450 0.002227 0.002328 0.002298 0.002550 0.002115 0.002267 0.002134 
15 0.004668 0.004772 0.004662 0.004711 0.004916 0.004753 0.005321 0.004963 0.004749 0.005026 
16 0.010960 0.011022 0.011452 0.010217 0.010449 0.010235 0.010824 0.009869 0.009925 0.009885 
17 0.023021 0.022725 0.023179 0.024944 0.022863 0.021388 0.021704 0.021168 0.021297 0.021952 
18 0.044208 0.048984 0.046498 0.048759 0.046890 0.044441 0.047482 0.044539 0.044798 0.043835 
19 0.091921 0.093094 0.107467 0.100947 0.109418 0.105740 0.094017 0.104325 0.098479 0.103630 
20 0.199759 0.207427 0.193604 0.208131 0.205687 0.201370 0.196995 0.197506 0.197246 0.194776 
21 0.398711 0.429436 0.392711 0.405874 0.400023 0.399694 0.399127 0.411550 0.424662 0.445901 
22 0.867652 0.866857 0.822361 0.842803 0.846346 0.899676 0.873670 0.829144 0.846993 0.828369 
23 1.898914 1.844620 1.779633 1.765416 1.857541 1.762203 1.768210 1.745149 1.741732 1.773267 
24 3.845196 3.899351 3.662037 3.807264 3.774651 3.792105 3.695492 3.672246 3.760319 3.774456 
25 7.829288 7.819244 7.922028 7.899298 7.564079 7.733253 8.563763 7.642168 7.568239 7.458722 
26 15.845856 15.566239 15.765147 16.983548 16.064281 16.363762 16.562861 15.808555 15.899166 15.778871 

Default Quicksort,  
n 
12 0.001016 0.000914 0.000992 0.000965 0.000995 0.000975 0.000959 0.000973 0.000950 0.000972 
13 0.001971 0.005049 0.002046 0.002097 0.002010 0.001975 0.002267 0.002026 0.001974 0.002053 
14 0.004637 0.004377 0.004402 0.004451 0.004380 0.004528 0.004342 0.004514 0.004458 0.004448 
15 0.009675 0.009550 0.014794 0.009394 0.009412 0.009470 0.009377 0.009372 0.009185 0.017291 
16 0.020036 0.023630 0.019777 0.019946 0.020602 0.019786 0.020107 0.019620 0.019850 0.020122 
17 0.043081 0.045742 0.046688 0.041424 0.045452 0.045609 0.047205 0.042754 0.042287 0.042540 
18 0.092459 0.094700 0.103368 0.090608 0.090352 0.090027 0.094417 0.097047 0.092884 0.091547 
19 0.189986 0.186741 0.185624 0.195885 0.182219 0.195099 0.186949 0.189763 0.190065 0.190470 
20 0.385114 0.406278 0.406615 0.385677 0.388153 0.410716 0.391332 0.402227 0.389942 0.401871 
21 0.821599 0.826280 0.837955 0.809613 0.812962 0.800597 0.817212 0.809517 0.801648 0.811523 
22 1.687048 1.691591 1.666741 1.727272 1.693083 1.708294 1.671564 1.701561 1.720462 1.709241 
23 3.505184 3.585861 3.544120 3.493183 3.529116 3.502771 3.546790 3.497872 3.532140 3.486242 
24 7.442341 7.505252 7.341048 7.281301 7.292147 7.276049 7.243165 7.317225 7.423540 7.328334 
25 15.243052 15.437896 15.110746 15.200686 15.155368 15.143229 15.297016 15.194328 15.156629 15.081217 
26 32.449684 31.518653 31.650131 31.609049 31.831821 31.322393 32.002829 31.452196 31.706578 31.407750 

CILK Quicksort, 
n = 12 
1 0.000605 0.000512 0.000500 0.000489 0.000517 0.000607 0.000573 0.000605 0.000527 0.000457 
2 0.000686 0.000609 0.000579 0.000548 0.000539 0.000545 0.000661 0.000749 0.000562 0.000538 
3 0.001041 0.001137 0.000925 0.000880 0.000873 0.000930 0.001150 0.001097 0.000877 0.000896 
4 0.036844 0.002320 0.052134 0.033141 0.002185 0.001709 0.002019 0.001884 0.001814 0.001663 
5 0.009266 0.004283 0.003356 0.002908 0.002878 0.002857 0.003063 0.003269 0.002910 0.002886 
6 0.006074 0.025725 0.009185 0.005766 0.005913 0.006179 0.009636 0.005421 0.005042 0.004821 
7 0.005471 0.006008 0.005032 0.005210 0.008263 0.005392 0.005224 0.005297 0.005200 0.005292 
8 0.007979 0.008408 0.005008 0.005412 0.005109 0.004919 0.005027 0.005579 0.005320 0.004985 

n = 13 
1 0.000839 0.000916 0.000735 0.001122 0.000790 0.000790 0.000833 0.000810 0.000812 0.000710 
2 0.000877 0.000872 0.000869 0.000679 0.002210 0.000915 0.002227 0.000783 0.000773 0.007622 
3 0.001128 0.001503 0.012607 0.001686 0.002023 0.001192 0.002070 0.001360 0.001344 0.004529 
4 0.002067 0.069518 0.001886 0.001816 0.008786 0.005128 0.001752 0.002027 0.001722 0.004790 
5 0.012788 0.022251 0.003221 0.003272 0.004403 0.003375 0.018765 0.022199 0.003437 0.007278 
6 0.008282 0.005917 0.007554 0.005443 0.006155 0.005892 0.013073 0.009228 0.012892 0.005280 
7 0.014620 0.008115 0.067257 0.005531 0.009327 0.007231 0.005754 0.005358 0.017179 0.005377 
8 0.005846 0.006043 0.005175 0.007306 0.005785 0.007817 0.017223 0.006130 0.005403 0.005786 

n = 14 
1 0.001533 0.001428 0.001496 0.001455 0.001481 0.001469 0.003420 0.001333 0.001352 0.001343 
2 0.002206 0.001437 0.001393 0.004554 0.001780 0.001300 0.001384 0.001416 0.001257 0.001172 
3 0.001655 0.005121 0.004143 0.001571 0.001666 0.001701 0.001467 0.001489 0.001583 0.001670 
4 0.002503 0.003101 0.004769 0.002139 0.003468 0.002262 0.004130 0.002320 0.002154 0.013258 
5 0.014785 0.003652 0.016577 0.008106 0.004153 0.021357 0.034295 0.005112 0.003470 0.003924 
6 0.006920 0.006296 0.006552 0.024803 0.010775 0.006335 0.006506 0.006187 0.005829 0.018852 
7 0.007230 0.006485 0.017180 0.073945 0.006935 0.006245 0.006062 0.006580 0.006210 0.005985 
8 0.007217 0.006886 0.065014 0.006050 0.016900 0.007860 0.007887 0.005994 0.006456 0.006250 

n = 15 
1 0.002768 0.004284 0.002761 0.002729 0.002968 0.002752 0.002662 0.002838 0.002673 0.002996 
2 0.010498 0.002312 0.010533 0.010961 0.002036 0.010769 0.002202 0.002273 0.002102 0.002160 
3 0.003881 0.002650 0.002565 0.002998 0.011401 0.010922 0.002625 0.002630 0.002520 0.002635 
4 0.003290 0.003788 0.003228 0.003610 0.003315 0.003126 0.004105 0.021215 0.003215 0.010334 
5 0.005727 0.016722 0.004574 0.018561 0.004615 0.004389 0.007229 0.022497 0.004575 0.025799 
6 0.024998 0.041025 0.007482 0.009750 0.037690 0.007412 0.080892 0.007155 0.031630 0.007981 
7 0.031404 0.007757 0.033754 0.024494 0.014528 0.032350 0.128357 0.007333 0.011431 0.008001 
8 0.022376 0.011769 0.024264 0.007662 0.027266 0.006955 0.043391 0.023977 0.010013 0.042192 

n = 16 
1 0.007500 0.006282 0.011966 0.005797 0.007097 0.005770 0.005801 0.005537 0.005441 0.005547 
2 0.010740 0.011397 0.011766 0.005435 0.004912 0.011406 0.010510 0.004224 0.010798 0.010573 
3 0.005367 0.010791 0.012842 0.011350 0.013319 0.016742 0.008367 0.011432 0.004504 0.004489 
4 0.019310 0.008165 0.013556 0.005838 0.007038 0.021104 0.005759 0.026317 0.028573 0.016090 
5 0.027488 0.038613 0.017068 0.006747 0.072200 0.032066 0.022738 0.020554 0.094495 0.006538 
6 0.029800 0.012739 0.041714 0.021625 0.111802 0.035479 0.009576 0.207564 0.009588 0.040359 
7 0.010295 0.019986 0.059370 0.011637 0.024088 0.075105 0.029617 0.010838 0.009384 0.050517 
8 0.012081 0.056437 0.023981 0.032993 0.033641 0.019902 0.055156 0.015983 0.029062 0.092557 

n = 17 
1 0.011167 0.013551 0.011917 0.012174 0.012825 0.011246 0.012073 0.012168 0.011204 0.011634 
2 0.012125 0.012730 0.010748 0.010882 0.011712 0.011366 0.009772 0.012848 0.011331 0.011917 
3 0.011549 0.023359 0.012006 0.015999 0.018463 0.011862 0.020028 0.009037 0.024211 0.018077 
4 0.020758 0.032776 0.010245 0.020902 0.041917 0.031906 0.024080 0.012095 0.027317 0.075695 
5 0.052140 0.070342 0.036241 0.033237 0.036759 0.026598 0.068395 0.057356 0.085096 0.036493 
6 0.065080 0.113778 0.123911 0.023267 0.079259 0.039695 0.027527 0.063571 0.074505 0.080572 
7 0.089761 0.154546 0.146059 0.104723 0.056053 0.124347 0.046724 0.032031 0.086707 0.052773 
8 0.083835 0.033319 0.039508 0.112871 0.176069 0.286874 0.061141 0.077826 0.020204 0.203734 

n = 18 
1 0.023822 0.026426 0.023424 0.025318 0.023943 0.028631 0.035641 0.023769 0.024713 0.023508 
2 0.020422 0.031708 0.021607 0.035290 0.035692 0.019453 0.022898 0.031054 0.032131 0.033367 
3 0.047350 0.034305 0.039514 0.040644 0.019001 0.039151 0.033996 0.025607 0.023245 0.023284 
4 0.080166 0.042342 0.040411 0.077606 0.053947 0.039353 0.026786 0.049124 0.031569 0.059173 
5 0.077809 0.087320 0.071140 0.093993 0.094309 0.060437 0.078706 0.094525 0.055201 0.110726 
6 0.152727 0.108980 0.205280 0.203399 0.242325 0.153700 0.157495 0.109373 0.176295 0.125735 
7 0.197091 0.162806 0.110523 0.182522 0.151523 0.154373 0.079638 0.099136 0.168203 0.113844 
8 0.267565 0.186848 0.122436 0.086328 0.063074 0.082225 0.135836 0.131546 0.062944 0.108016 

n = 19 
1 0.054620 0.053162 0.052341 0.050020 0.049985 0.051561 0.050439 0.051008 0.056488 0.061985 
2 0.040968 0.048329 0.055749 0.047709 0.038635 0.038918 0.041321 0.038058 0.039577 0.047208 
3 0.039815 0.067033 0.040241 0.062631 0.040648 0.050582 0.044586 0.053901 0.039064 0.046793 
4 0.073107 0.070836 0.070401 0.061008 0.067388 0.050747 0.071328 0.069132 0.077135 0.084103 
5 0.109174 0.125642 0.087103 0.094055 0.123992 0.102394 0.083082 0.147608 0.133894 0.124645 
6 0.257321 0.201161 0.136883 0.147914 0.169515 0.109423 0.163267 0.196153 0.124564 0.189515 
7 0.130704 0.254979 0.142156 0.161056 0.148310 0.120809 0.152829 0.192813 0.279262 0.133304 
8 0.412573 0.171150 0.163034 0.166004 0.121230 0.188177 0.165173 0.137696 0.129670 0.148386 

n = 20 
1 0.109755 0.118641 0.105337 0.122078 0.111646 0.112579 0.107787 0.103145 0.114568 0.104732 
2 0.078122 0.077970 0.077791 0.078556 0.074988 0.071876 0.075962 0.076273 0.081930 0.077103 
3 0.094074 0.092831 0.074355 0.074802 0.102913 0.072410 0.075341 0.098038 0.108634 0.081176 
4 0.081163 0.137140 0.096661 0.090010 0.092626 0.082665 0.117135 0.083839 0.145116 0.107428 
5 0.192753 0.171310 0.148851 0.127454 0.246405 0.142755 0.220934 0.241697 0.246751 0.176632 
6 0.275264 0.198265 0.218685 0.184775 0.366103 0.179482 0.309463 0.317829 0.472353 0.223296 
7 0.262816 0.186822 0.293446 0.273230 0.398611 0.277152 0.331373 0.193319 0.597110 0.401944 
8 0.173041 0.230737 0.257728 0.384411 0.338592 0.495396 0.338775 0.385960 0.584094 0.240916 

n = 21 
1 0.216608 0.227209 0.217508 0.241527 0.216865 0.221192 0.213638 0.220801 0.226910 0.237341 
2 0.133114 0.133901 0.130009 0.134362 0.135514 0.139408 0.135276 0.153483 0.158146 0.172962 
3 0.132679 0.134610 0.128454 0.136343 0.139336 0.134460 0.138113 0.175166 0.202859 0.189326 
4 0.162506 0.176891 0.144891 0.152799 0.145259 0.170360 0.191382 0.282877 0.290713 0.330122 
5 0.233856 0.208134 0.248414 0.170254 0.221547 0.233988 0.193649 0.298725 0.416556 0.568407 
6 0.481184 0.399448 0.434399 0.292237 0.366497 0.280520 0.322352 0.289376 0.691205 1.202897 
7 0.352290 0.540664 0.312808 0.394674 0.421845 0.706188 0.300009 0.277517 0.700194 0.610636 
8 0.304460 0.444088 0.465046 0.356906 0.340330 0.610019 0.283029 0.536362 0.783250 1.003445 

n = 22 
1 0.466723 0.458784 0.448992 0.464160 0.456319 0.482477 0.474100 0.455533 0.453652 0.447745 
2 0.264013 0.263322 0.257449 0.261012 0.261704 0.270318 0.279381 0.305365 0.295903 0.294201 
3 0.266915 0.319954 0.259495 0.273489 0.271008 0.292467 0.277662 0.294646 0.310171 0.302173 
4 0.329744 0.413909 0.267045 0.284494 0.401116 0.393938 0.399658 0.337368 0.316003 0.326405 
5 0.530809 0.674085 0.400163 0.468258 0.630913 0.839555 0.826520 0.404401 0.427371 0.471681 
6 0.770182 0.627259 0.632559 0.702075 0.974538 1.227373 1.095585 0.842515 0.749311 0.951601 
7 1.619761 1.344322 0.776482 1.023532 0.860689 1.326437 1.485724 0.732060 0.948710 0.995273 
8 1.548677 0.530588 0.661604 0.542075 1.010305 1.483241 1.781247 0.893803 0.501084 0.395739 

n = 23 
1 1.036325 0.992937 0.958734 0.945360 0.986836 0.956632 0.958420 0.953405 0.935683 0.942450 
2 0.632556 0.582710 0.537932 0.511494 0.527064 0.543592 0.520719 0.557169 0.575282 0.576456 
3 0.868990 0.600252 0.536923 0.516714 0.616465 0.550951 0.520777 0.562012 0.589325 0.599164 
4 1.523884 0.715368 0.562936 0.587092 0.931348 0.587605 0.673113 0.573631 0.622017 0.624455 
5 2.764269 1.225434 1.120012 0.883141 1.725588 0.664195 1.211235 0.871714 0.696479 0.741619 
6 5.134688 2.431521 1.651699 2.025758 3.746666 1.719289 2.683903 1.699964 1.532052 1.451735 
7 6.117417 1.869298 2.120846 1.655647 3.480568 1.760051 1.907244 1.302793 0.801047 2.097024 
8 4.894642 2.294538 2.109342 1.692193 3.756400 1.349468 2.524905 2.105616 2.018269 1.390794 

n = 24 
1 2.000335 2.068699 1.979126 2.097658 2.038038 2.062004 1.976221 1.990904 1.992881 1.995279 
2 1.079862 1.185960 1.107350 1.206442 1.147427 1.137482 1.105148 1.157803 1.150598 1.147477 
3 1.078473 1.234032 1.101186 1.266459 1.176842 1.353579 1.091913 1.136893 1.153341 1.261453 
4 1.305248 1.504209 1.119649 1.825768 1.372572 1.997167 1.455014 1.565611 1.197072 1.942029 
5 3.205200 3.455266 1.256068 2.715304 2.397074 3.093175 2.409977 2.764154 1.564727 3.067767 
6 5.669926 6.449347 2.326356 6.569221 5.327746 6.319297 4.089762 6.202708 3.189370 6.434745 
7 5.569996 6.720619 1.678626 6.449181 6.032432 6.751050 3.869490 4.289101 3.314046 4.795739 
8 5.401229 6.125235 2.177312 6.330606 5.665039 6.396386 4.935260 6.454088 2.980534 5.626165 

n = 25 
1 4.176985 4.233265 4.294568 4.267038 4.105153 4.188580 4.648805 4.126751 4.069392 3.967276 
2 2.327506 2.353294 2.361979 2.414296 2.206367 2.304346 3.015217 2.371355 2.275564 2.260242 
3 2.303938 2.405087 2.695184 2.631050 2.310518 2.333598 3.382287 2.361692 2.268027 2.274698 
4 2.997592 2.656243 4.044030 3.843751 3.208042 3.044106 4.543768 2.607395 2.298957 2.249633 
5 5.294328 4.035163 8.156646 6.981522 6.472019 5.649350 10.133149 5.035310 3.402177 2.615369 
6 10.507279 10.037537 17.290914 11.998727 14.641274 10.486238 17.414417 7.490020 6.686163 6.343022 
7 10.238165 9.658439 17.003918 12.030571 11.865078 10.379887 15.765598 8.728548 5.079067 4.528049 
8 9.420122 10.342897 16.854378 11.781014 13.893904 10.287130 15.330529 9.338488 5.304563 5.095664 

n = 26 
1 8.552752 8.215823 8.440132 9.159577 8.651927 8.833067 8.790826 8.550811 8.574538 8.365426 
2 4.694746 4.459074 4.631852 5.201802 4.822798 4.972092 4.760339 4.772238 4.708658 4.731936 
3 5.071935 4.601844 5.515110 6.017794 4.963942 5.571511 5.135279 4.874413 4.806957 4.887589 
4 5.568182 5.064497 4.860314 8.002242 5.350578 7.387129 5.885236 4.979701 5.473407 6.016269 
5 8.607212 6.692989 5.254646 11.541076 9.494414 12.944221 7.406256 7.598579 9.009734 11.154982 
6 18.420936 11.126668 7.540945 24.631613 17.119775 28.706137 13.099379 13.410638 21.364243 16.737683 
7 15.183476 14.670543 7.038440 24.280517 19.006116 27.176268 14.491195 11.917161 16.502975 20.215993 
8 14.509971 13.423577 6.756062 24.980753 18.664812 30.288367 15.009459 12.911496 22.118031 17.739746 

