
Sequential Quicksort, 
n 
12 0.000282 0.000283 0.000279 0.000282 0.000283 0.000294 0.000284 0.000277 0.000279 0.000285 
13 0.000605 0.000601 0.000596 0.000601 0.000607 0.000605 0.000606 0.000604 0.000598 0.000603 
14 0.001298 0.001349 0.001292 0.001293 0.001303 0.001288 0.001330 0.001288 0.001290 0.001351 
15 0.002833 0.002799 0.002728 0.002720 0.002847 0.002742 0.002745 0.002768 0.002745 0.002758 
16 0.005983 0.005838 0.005882 0.005901 0.005805 0.005932 0.005852 0.005907 0.005925 0.005902 
17 0.012545 0.012375 0.012534 0.012569 0.012439 0.012456 0.012569 0.012430 0.012485 0.012372 
18 0.025982 0.026178 0.026211 0.026143 0.026227 0.026089 0.026157 0.026136 0.026204 0.026053 
19 0.054898 0.054849 0.055151 0.054365 0.054792 0.054860 0.055000 0.055159 0.054661 0.055297 
20 0.115715 0.115689 0.115142 0.115127 0.116043 0.115073 0.115220 0.114815 0.115637 0.115127 
21 0.240947 0.242622 0.241521 0.241466 0.242269 0.242273 0.240793 0.240972 0.243536 0.243408 
22 0.509821 0.507472 0.506153 0.514078 0.504447 0.508578 0.507813 0.505378 0.506293 0.504703 
23 1.081375 1.062965 1.068824 1.057480 1.058960 1.065136 1.055002 1.052749 1.055664 1.056263 
24 2.217446 2.236456 2.210368 2.225526 2.224602 2.233542 2.214905 2.217195 2.222609 2.220573 
25 4.594565 4.624881 4.679154 4.667718 4.664841 4.606119 4.796971 4.610103 4.619456 4.607645 
26 9.646556 9.577630 9.599256 9.685256 9.748295 9.662538 9.666000 9.636469 9.613775 9.594095 

Default Quicksort,  
n 
12 0.000448 0.000430 0.000428 0.000429 0.000452 0.000432 0.000437 0.000430 0.000430 0.000426 
13 0.000925 0.000908 0.000926 0.000906 0.000906 0.000905 0.000908 0.000933 0.000906 0.000908 
14 0.001960 0.001961 0.001964 0.001967 0.001973 0.001979 0.001963 0.001982 0.002010 0.001966 
15 0.004182 0.004156 0.004160 0.004289 0.004162 0.004166 0.004158 0.004176 0.004166 0.004170 
16 0.008875 0.008748 0.008797 0.008888 0.008843 0.008873 0.008819 0.008748 0.008803 0.008794 
17 0.018482 0.018497 0.018527 0.018447 0.018476 0.018515 0.018513 0.018597 0.018485 0.018465 
18 0.038968 0.038575 0.038559 0.038614 0.038587 0.038639 0.038581 0.038593 0.038640 0.038619 
19 0.081607 0.081428 0.081368 0.081321 0.081430 0.081290 0.081362 0.081321 0.081322 0.081426 
20 0.172653 0.171512 0.171181 0.171381 0.171430 0.171359 0.171394 0.171376 0.171397 0.171321 
21 0.363837 0.361463 0.361489 0.361603 0.361706 0.361769 0.361788 0.361778 0.361531 0.361771 
22 0.764724 0.759358 0.759502 0.759419 0.758785 0.759592 0.759444 0.759416 0.759469 0.758760 
23 1.599834 1.598928 1.598868 1.598972 1.599656 1.598568 1.599284 1.598940 1.597845 1.598127 
24 3.343362 3.347121 3.345737 3.345387 3.346262 3.346876 3.348096 3.346775 3.342717 3.345222 
25 6.972103 6.974694 6.970891 6.978414 6.972357 6.971971 6.974933 6.974336 6.979872 6.975725 
26 14.531787 14.532312 14.529474 14.523444 14.526380 14.524807 14.524970 14.533535 14.529509 14.529777 

PTHREADS Quicksort, 
n = 12 
1 0.000373 0.000336 0.000283 0.000321 0.000279 0.000270 0.000294 0.000424 0.000359 0.000262 
2 0.000396 0.000396 0.000333 0.000343 0.000272 0.000241 0.000377 0.000457 0.000337 0.000314 
3 0.000480 0.000481 0.000575 0.000543 0.000485 0.000422 0.000514 0.000432 0.000531 0.000419 
4 0.000932 0.000866 0.000857 0.000766 0.000929 0.000857 0.001016 0.000786 0.000811 0.000883 
5 0.005437 0.001405 0.001737 0.001402 0.002033 0.001600 0.002166 0.001424 0.001091 0.001567 
6 0.003303 0.002170 0.002931 0.002182 0.002580 0.003075 0.002615 0.002379 0.001786 0.002645 
7 0.003457 0.003856 0.003544 0.001968 0.003730 0.003665 0.017876 0.002700 0.003411 0.008212 
8 0.004474 0.005213 0.004614 0.002872 0.004798 0.004843 0.004349 0.004720 0.005024 0.005837 

n = 13 
1 0.000401 0.000520 0.000554 0.000410 0.000423 0.000502 0.000538 0.000477 0.000513 0.000522 
2 0.000391 0.000368 0.000590 0.000358 0.000426 0.000395 0.000358 0.000425 0.000357 0.000447 
3 0.000426 0.000710 0.000690 0.000459 0.000483 0.000601 0.000411 0.000568 0.000478 0.000422 
4 0.000963 0.001107 0.000882 0.000946 0.000891 0.000983 0.000855 0.000769 0.000727 0.000800 
5 0.001821 0.001800 0.001687 0.001968 0.001572 0.001915 0.001574 0.001487 0.001755 0.001600 
6 0.002963 0.003487 0.002945 0.003389 0.008666 0.003390 0.002817 0.002865 0.002903 0.003191 
7 0.005916 0.004885 0.004203 0.005161 0.011468 0.005512 0.008280 0.005549 0.004518 0.005336 
8 0.008485 0.007424 0.005974 0.007512 0.006666 0.009569 0.007677 0.008304 0.006741 0.007674 

n = 14 
1 0.001182 0.001356 0.001128 0.001018 0.000940 0.000876 0.001484 0.001076 0.001213 0.001038 
2 0.001112 0.001175 0.000887 0.000812 0.000692 0.000760 0.001019 0.000902 0.001190 0.000745 
3 0.000948 0.001137 0.000929 0.000772 0.000718 0.000789 0.000819 0.001007 0.000919 0.000703 
4 0.000891 0.001348 0.000914 0.000886 0.001126 0.000949 0.001114 0.001076 0.000986 0.001084 
5 0.001361 0.001694 0.001657 0.001531 0.002025 0.001843 0.001420 0.001771 0.001516 0.002173 
6 0.008796 0.002206 0.003381 0.003394 0.003782 0.002804 0.002335 0.003043 0.003199 0.002938 
7 0.005501 0.011346 0.006268 0.006045 0.006558 0.009848 0.004140 0.006131 0.005264 0.005837 
8 0.008286 0.006070 0.008810 0.016453 0.012178 0.012763 0.006155 0.009580 0.007502 0.010955 

n = 15 
1 0.001661 0.002455 0.002341 0.001926 0.002587 0.002501 0.002839 0.002402 0.001679 0.002225 
2 0.001203 0.001532 0.001826 0.001606 0.001956 0.001797 0.002401 0.001587 0.001141 0.002248 
3 0.001267 0.001408 0.001716 0.001607 0.001727 0.001643 0.002499 0.001593 0.001682 0.001652 
4 0.001556 0.001630 0.001476 0.001511 0.001532 0.001710 0.002045 0.001415 0.001415 0.001460 
5 0.002584 0.002517 0.001744 0.002386 0.001963 0.002009 0.002412 0.002031 0.002469 0.001835 
6 0.003729 0.003299 0.003324 0.003894 0.003395 0.003163 0.002966 0.003134 0.004218 0.003666 
7 0.006494 0.006945 0.005749 0.006713 0.006163 0.005888 0.005578 0.006218 0.006334 0.006123 
8 0.011291 0.011248 0.010708 0.011590 0.010473 0.010770 0.008352 0.009320 0.011568 0.009987 

n = 16 
1 0.005369 0.004364 0.005469 0.004227 0.005074 0.004158 0.003846 0.004755 0.005950 0.004135 
2 0.003696 0.002879 0.003426 0.003680 0.003002 0.003132 0.003441 0.003060 0.005758 0.002711 
3 0.003202 0.003184 0.002515 0.002546 0.002525 0.002655 0.003324 0.002629 0.004626 0.002296 
4 0.002275 0.002820 0.002292 0.003600 0.002462 0.002861 0.002760 0.002645 0.003790 0.003384 
5 0.002675 0.003677 0.003737 0.003275 0.003480 0.003022 0.003275 0.003132 0.003410 0.002661 
6 0.004630 0.003676 0.003743 0.004973 0.003676 0.004431 0.004123 0.003651 0.003813 0.004198 
7 0.006740 0.007381 0.007303 0.006594 0.007397 0.007638 0.006671 0.007564 0.005825 0.007731 
8 0.013436 0.013274 0.013490 0.012261 0.012614 0.014845 0.020357 0.012044 0.008225 0.012386 

n = 17 
1 0.007315 0.008356 0.008543 0.012354 0.009328 0.006931 0.007671 0.009717 0.007169 0.010966 
2 0.006323 0.005478 0.007640 0.009597 0.006847 0.005745 0.006207 0.006555 0.004883 0.007471 
3 0.004938 0.004812 0.006500 0.008094 0.004908 0.005017 0.005277 0.004644 0.004979 0.005288 
4 0.004393 0.004672 0.004353 0.006816 0.004284 0.005442 0.004811 0.004160 0.005283 0.006088 
5 0.004502 0.006222 0.004670 0.006448 0.004300 0.005193 0.004946 0.005067 0.005422 0.004447 
6 0.009418 0.006682 0.005593 0.006813 0.005068 0.006475 0.006313 0.006426 0.005817 0.006649 
7 0.009005 0.011080 0.008397 0.006954 0.008453 0.008734 0.008905 0.008500 0.010479 0.007960 
8 0.014443 0.014607 0.014848 0.013414 0.014293 0.015248 0.014390 0.018618 0.016101 0.013605 

n = 18 
1 0.021036 0.019663 0.024993 0.023190 0.015444 0.016352 0.018639 0.015220 0.021849 0.017307 
2 0.013941 0.012513 0.018650 0.015395 0.013791 0.012457 0.011405 0.012789 0.017417 0.011726 
3 0.011362 0.011805 0.012569 0.013440 0.010152 0.012742 0.014333 0.010638 0.015899 0.011125 
4 0.009473 0.011075 0.012627 0.010998 0.007998 0.009264 0.008031 0.010547 0.011793 0.012322 
5 0.008178 0.011187 0.009658 0.010353 0.008977 0.010739 0.007977 0.011033 0.009741 0.013154 
6 0.011765 0.009593 0.008936 0.010396 0.013269 0.009633 0.007860 0.010532 0.009989 0.010981 
7 0.011638 0.023835 0.010969 0.010360 0.018920 0.012619 0.010754 0.012518 0.013371 0.012677 
8 0.018323 0.017525 0.014283 0.016320 0.018086 0.019531 0.016661 0.019738 0.014793 0.021396 

n = 19 
1 0.034256 0.053799 0.042692 0.035319 0.032075 0.037923 0.031589 0.035155 0.039824 0.035183 
2 0.023557 0.039990 0.033204 0.027446 0.028356 0.035482 0.025805 0.025818 0.029503 0.021198 
3 0.023540 0.028232 0.030531 0.020068 0.022054 0.028404 0.019055 0.021093 0.025809 0.025527 
4 0.019608 0.021658 0.031508 0.019435 0.015658 0.024581 0.020187 0.024726 0.018885 0.018126 
5 0.015643 0.020101 0.024167 0.019552 0.018010 0.026305 0.018742 0.020311 0.017015 0.017409 
6 0.016812 0.019857 0.020794 0.016787 0.017266 0.022144 0.017305 0.018807 0.015798 0.018353 
7 0.020217 0.018576 0.022465 0.022322 0.018850 0.026629 0.023201 0.020142 0.021992 0.023247 
8 0.027798 0.024867 0.026155 0.029096 0.027424 0.029886 0.029701 0.024520 0.023459 0.029356 

n = 20 
1 0.107226 0.083103 0.068142 0.105766 0.070905 0.077661 0.069091 0.075719 0.116319 0.073860 
2 0.061872 0.078111 0.051317 0.059736 0.053488 0.067936 0.045978 0.047389 0.068585 0.054427 
3 0.056765 0.052978 0.051883 0.067855 0.052680 0.046256 0.048939 0.044247 0.064840 0.053100 
4 0.045227 0.043199 0.038346 0.045473 0.048459 0.048920 0.038966 0.035434 0.055979 0.044356 
5 0.036092 0.046096 0.037460 0.040487 0.044250 0.032473 0.037307 0.034382 0.051750 0.040403 
6 0.037517 0.039703 0.033900 0.040548 0.031979 0.033385 0.033178 0.037407 0.037317 0.037402 
7 0.034778 0.041702 0.037081 0.038156 0.042535 0.039464 0.038365 0.037561 0.041041 0.040695 
8 0.038895 0.048584 0.046350 0.039581 0.046845 0.038472 0.044528 0.042140 0.042599 0.052117 

n = 21 
1 0.174078 0.172496 0.160846 0.136946 0.141365 0.189304 0.136817 0.156652 0.141358 0.164434 
2 0.126171 0.106326 0.145082 0.124194 0.121108 0.134364 0.119794 0.136158 0.102854 0.132075 
3 0.100857 0.083852 0.090184 0.122349 0.087553 0.122643 0.090764 0.089571 0.073819 0.119360 
4 0.076847 0.085608 0.081281 0.102099 0.084883 0.095293 0.081903 0.080843 0.081628 0.082149 
5 0.063275 0.077077 0.062594 0.097074 0.081312 0.078556 0.079256 0.077182 0.077719 0.086555 
6 0.064151 0.063664 0.065664 0.077577 0.064588 0.070541 0.062660 0.065382 0.066940 0.070196 
7 0.058753 0.055975 0.076792 0.064141 0.072876 0.065194 0.080893 0.070512 0.071238 0.064625 
8 0.070931 0.069449 0.077948 0.068423 0.080240 0.064622 0.071484 0.078549 0.075300 0.068710 

n = 22 
1 0.474333 0.297754 0.307313 0.369429 0.460317 0.467028 0.462777 0.277820 0.382904 0.318332 
2 0.474950 0.300527 0.254475 0.332965 0.397673 0.334470 0.374859 0.204002 0.313046 0.184140 
3 0.367947 0.215036 0.231296 0.269902 0.256308 0.256611 0.224646 0.176470 0.195328 0.171574 
4 0.266412 0.161650 0.167540 0.244362 0.176966 0.178721 0.208890 0.129667 0.165892 0.161183 
5 0.199465 0.139248 0.135450 0.169911 0.161692 0.169309 0.188220 0.146032 0.146757 0.155995 
6 0.165549 0.130528 0.131211 0.168123 0.141085 0.123456 0.158272 0.135995 0.141796 0.136987 
7 0.136424 0.122191 0.128730 0.156086 0.126877 0.117820 0.126621 0.146291 0.121359 0.133923 
8 0.148685 0.125343 0.124161 0.135118 0.121285 0.117736 0.146053 0.138074 0.122645 0.142878 

n = 23 
1 0.744917 0.890137 0.747944 0.930420 0.714922 0.594297 0.748249 1.031717 0.600595 0.788934 
2 0.545110 0.677295 0.440094 0.787701 0.531475 0.501228 0.481777 0.732627 0.451079 0.542017 
3 0.347927 0.553795 0.323482 0.509448 0.425835 0.364884 0.356839 0.511469 0.398602 0.361229 
4 0.283307 0.370243 0.289331 0.381581 0.424519 0.289885 0.326739 0.401292 0.393576 0.299561 
5 0.263021 0.285258 0.245468 0.313784 0.334887 0.244198 0.281941 0.362579 0.319661 0.282311 
6 0.272245 0.274830 0.229643 0.322586 0.296705 0.231511 0.281709 0.323025 0.300387 0.231175 
7 0.258990 0.254163 0.228417 0.282956 0.259273 0.242799 0.256716 0.280379 0.274555 0.229205 
8 0.264091 0.241070 0.238867 0.270814 0.252290 0.242954 0.257510 0.263290 0.247943 0.247513 

n = 24 
1 2.014964 2.047773 1.883674 1.525288 2.059676 1.929416 1.283843 1.386154 1.195515 1.946614 
2 1.705838 1.570324 1.108367 1.050049 1.218038 1.668547 0.897922 0.848180 1.049797 1.314087 
3 1.307418 0.990506 0.883616 0.681672 1.182618 1.372909 0.819126 0.625684 0.914130 0.843387 
4 0.920564 0.780335 0.859808 0.544386 0.704406 1.036329 0.620852 0.505803 0.688847 0.589951 
5 0.725540 0.724843 0.583660 0.508232 0.541781 0.813189 0.548344 0.488450 0.568486 0.576453 
6 0.692359 0.539900 0.559417 0.464057 0.509319 0.700252 0.483562 0.500883 0.573142 0.559232 
7 0.572234 0.505198 0.530450 0.444902 0.473511 0.645306 0.487172 0.472979 0.513127 0.526668 
8 0.596506 0.505727 0.503687 0.445394 0.470626 0.571969 0.491599 0.486903 0.496616 0.491916 

n = 25 
1 3.253194 3.086424 2.514141 3.786386 4.042337 2.877734 4.495502 3.185028 2.604121 3.758853 
2 2.575549 1.776124 2.268854 2.486174 2.468948 2.276803 2.789617 2.450841 1.864334 2.603002 
3 1.573620 1.556017 1.357546 2.170486 2.060524 1.925386 1.774267 1.599292 1.182966 2.272226 
4 1.138966 1.280601 1.215672 1.430047 1.789759 1.435083 1.356675 1.211311 1.182628 1.563748 
5 1.012787 1.096814 1.160279 1.171289 1.481131 1.316957 1.276657 1.077996 1.069666 1.144288 
6 0.958242 1.057285 1.121129 0.995667 1.324209 1.358846 1.224451 1.009972 0.953048 0.984851 
7 0.902783 0.980483 1.121032 0.993087 1.219079 1.314131 1.266954 0.943161 0.978496 0.963169 
8 0.875294 0.953611 0.943385 0.983192 1.118637 1.123724 1.132950 0.994448 1.010478 0.907894 

n = 26 
1 7.766341 7.383930 5.856498 5.544952 7.988501 6.265626 7.509314 5.907220 7.891277 6.941771 
2 6.936838 5.053635 4.086929 4.631454 4.403802 5.440742 7.113785 5.456690 6.258366 5.531346 
3 5.593480 4.745023 3.615354 3.431861 3.352712 5.311350 5.650952 4.254135 4.654183 3.638413 
4 3.694426 3.577885 3.354598 2.541311 2.497231 4.256537 4.646087 2.825463 3.510956 2.494171 
5 2.510751 2.924700 3.070205 2.509622 2.234289 3.848540 4.251327 2.448598 2.919116 2.468170 
6 2.503313 2.411746 2.503690 2.227541 2.297778 2.930345 3.356839 2.333538 2.670111 2.365439 
7 1.942246 1.980391 2.124671 2.113412 1.969970 2.391056 2.739430 2.083746 2.292818 2.023098 
8 1.908918 1.950419 2.060433 2.006225 1.992397 2.236455 2.475503 1.979255 2.055188 1.966944 

