
Sequential Quicksort, 
n 
12 0.000206 0.000211 0.000211 0.000204 0.000195 0.000213 0.000186 0.000202 0.000195 0.000182 
13 0.000389 0.000379 0.000377 0.000383 0.000381 0.000381 0.000386 0.000384 0.000401 0.000410 
14 0.000819 0.000796 0.000801 0.000803 0.000808 0.000803 0.000806 0.000814 0.000817 0.000815 
15 0.001756 0.001760 0.001704 0.001698 0.001723 0.001713 0.001716 0.001738 0.001728 0.001724 
16 0.003642 0.003657 0.003708 0.003671 0.003600 0.003632 0.003654 0.003638 0.003704 0.003691 
17 0.007859 0.007731 0.007776 0.007797 0.007815 0.007755 0.007806 0.007738 0.007747 0.007741 
18 0.016036 0.016197 0.016409 0.016321 0.016393 0.016269 0.016298 0.016653 0.016259 0.016278 
19 0.034200 0.034479 0.033881 0.033293 0.034256 0.034241 0.034492 0.034734 0.034168 0.033619 
20 0.071256 0.069385 0.070097 0.070514 0.071268 0.070663 0.071583 0.069349 0.071904 0.070843 
21 0.146555 0.147905 0.148166 0.146702 0.145243 0.143895 0.145157 0.146247 0.151065 0.148611 
22 0.304407 0.303957 0.302695 0.305957 0.299029 0.306769 0.301517 0.300124 0.311259 0.306634 
23 0.639858 0.638180 0.638631 0.638302 0.636998 0.642052 0.640602 0.623482 0.650740 0.637808 
24 1.324925 1.345382 1.337407 1.334934 1.332831 1.342506 1.344355 1.318305 1.334096 1.366318 
25 2.715866 2.771336 2.764082 2.792263 2.782254 2.755850 2.846812 2.746264 2.777469 2.772016 
26 5.718847 5.784332 5.782741 5.753668 5.841832 5.703729 5.785342 5.736742 5.727619 5.734644 

Default Quicksort,  
n 
12 0.000373 0.000281 0.000304 0.000274 0.000274 0.000282 0.000261 0.000255 0.000277 0.000253 
13 0.000593 0.000536 0.000539 0.000535 0.000535 0.000536 0.000538 0.000538 0.000535 0.000538 
14 0.001254 0.001279 0.001273 0.001270 0.001274 0.001283 0.001283 0.001277 0.001275 0.001280 
15 0.002739 0.002667 0.002665 0.002670 0.002671 0.002663 0.002679 0.002669 0.002668 0.002676 
16 0.005713 0.005609 0.005617 0.005614 0.005622 0.005616 0.005646 0.005662 0.005649 0.005631 
17 0.012165 0.011820 0.011831 0.011862 0.011859 0.011819 0.011826 0.011885 0.011843 0.011886 
18 0.025082 0.024476 0.024639 0.024165 0.024931 0.024614 0.024947 0.025087 0.024783 0.024626 
19 0.051690 0.049660 0.051360 0.050546 0.050430 0.050908 0.049967 0.052210 0.050303 0.050385 
20 0.107138 0.105929 0.105536 0.105948 0.105617 0.108237 0.107820 0.106307 0.105571 0.109703 
21 0.225352 0.224710 0.223908 0.224054 0.221742 0.220739 0.220241 0.224200 0.223310 0.219865 
22 0.466915 0.464547 0.465865 0.465682 0.466312 0.464948 0.465221 0.479483 0.470204 0.467233 
23 0.980692 0.992234 0.978644 0.987929 0.975619 0.980618 0.978003 0.976080 1.003238 0.977129 
24 2.026364 2.041890 2.065541 2.034082 2.047248 2.057468 2.051832 2.024370 2.031101 2.070841 
25 4.249423 4.271577 4.248160 4.258220 4.300621 4.236125 4.283304 4.214972 4.240700 4.273551 
26 8.797654 8.916047 8.843833 8.832427 8.831679 8.827595 8.974781 8.790286 8.826766 9.328143 

PTHREADS Quicksort, 
n = 12 
1 0.000412 0.000290 0.000240 0.000288 0.000216 0.000221 0.000262 0.000394 0.000316 0.000255 
2 0.000391 0.000288 0.000302 0.000316 0.000285 0.000274 0.000331 0.000380 0.000330 0.000326 
3 0.000934 0.000842 0.000742 0.000854 0.000846 0.000859 0.000898 0.000960 0.000966 0.000909 
4 0.001956 0.001962 0.002093 0.001962 0.001808 0.001798 0.002040 0.002167 0.002186 0.001792 
5 0.004672 0.003630 0.004296 0.003625 0.004038 0.004302 0.004180 0.004215 0.004404 0.003640 
6 0.007778 0.006942 0.008191 0.006305 0.008644 0.008076 0.007632 0.006971 0.008778 0.007805 
7 0.014214 0.011424 0.014758 0.011176 0.013854 0.014114 0.014185 0.013737 0.013177 0.013565 
8 0.022680 0.021095 0.022026 0.018149 0.021290 0.023622 0.024697 0.017643 0.019898 0.022111 

n = 13 
1 0.000305 0.000351 0.000390 0.000307 0.000295 0.000344 0.000359 0.000355 0.000355 0.000363 
2 0.000425 0.000346 0.000473 0.000316 0.000347 0.000319 0.000314 0.000448 0.000333 0.000357 
3 0.001001 0.000968 0.000977 0.001029 0.000869 0.000810 0.000832 0.001154 0.000865 0.001066 
4 0.001753 0.001607 0.001867 0.001770 0.001853 0.002002 0.002173 0.002382 0.001686 0.001718 
5 0.003998 0.004245 0.003658 0.003873 0.003924 0.003301 0.003697 0.003818 0.004528 0.003861 
6 0.009007 0.007354 0.008640 0.008128 0.006515 0.007790 0.006012 0.008130 0.007448 0.006700 
7 0.015323 0.014237 0.012626 0.014692 0.013911 0.015632 0.012098 0.015024 0.012891 0.011782 
8 0.027555 0.024252 0.022971 0.023206 0.022359 0.026500 0.022217 0.027320 0.024787 0.021515 

n = 14 
1 0.000756 0.000877 0.000739 0.000690 0.000619 0.000587 0.000857 0.000713 0.000786 0.000692 
2 0.000729 0.000782 0.000631 0.000599 0.000522 0.000519 0.000687 0.000740 0.000837 0.000603 
3 0.000934 0.001047 0.000965 0.001060 0.000891 0.001011 0.000765 0.001066 0.001079 0.000849 
4 0.002229 0.001671 0.002281 0.002211 0.002186 0.002098 0.002121 0.001997 0.002084 0.001821 
5 0.003719 0.003395 0.004602 0.003874 0.003967 0.003833 0.004039 0.003748 0.004257 0.003858 
6 0.007557 0.007044 0.008111 0.007048 0.006854 0.007489 0.008048 0.007847 0.007691 0.008304 
7 0.015030 0.013131 0.013646 0.015740 0.015159 0.015698 0.013252 0.015444 0.013232 0.013993 
8 0.030764 0.021203 0.026317 0.027795 0.027865 0.027595 0.021444 0.028374 0.024938 0.030133 

n = 15 
1 0.001071 0.001489 0.001495 0.001199 0.001517 0.001585 0.001734 0.001512 0.001045 0.001414 
2 0.000813 0.001004 0.001255 0.001044 0.001188 0.001159 0.001423 0.001049 0.000771 0.001532 
3 0.001286 0.001369 0.001422 0.001248 0.001455 0.001426 0.001679 0.001396 0.001404 0.001597 
4 0.002405 0.001794 0.002088 0.002263 0.002121 0.001996 0.001909 0.002156 0.002213 0.002053 
5 0.004351 0.004042 0.004067 0.004640 0.003882 0.004137 0.003422 0.004793 0.003769 0.004363 
6 0.008266 0.007511 0.007657 0.008080 0.007850 0.007672 0.007097 0.008043 0.007825 0.007370 
7 0.015411 0.016739 0.014478 0.015337 0.013574 0.016444 0.013408 0.016490 0.015033 0.014338 
8 0.029705 0.027327 0.028920 0.028591 0.029311 0.027456 0.028031 0.027948 0.029863 0.025777 

n = 16 
1 0.003380 0.002605 0.003379 0.002656 0.003148 0.002612 0.002289 0.002930 0.003727 0.002630 
2 0.002251 0.001730 0.002097 0.002339 0.001914 0.001925 0.002151 0.001838 0.003641 0.001676 
3 0.002195 0.002265 0.001731 0.002187 0.001901 0.002487 0.002616 0.002018 0.003116 0.001847 
4 0.002535 0.002514 0.002402 0.002541 0.002502 0.002721 0.002784 0.002607 0.002876 0.002589 
5 0.004862 0.004297 0.004150 0.004201 0.004275 0.005095 0.004033 0.004422 0.003844 0.004379 
6 0.008026 0.007260 0.007074 0.008021 0.007908 0.007759 0.008317 0.007766 0.007562 0.008399 
7 0.015143 0.015391 0.013839 0.014701 0.015084 0.014929 0.015372 0.014526 0.014017 0.016588 
8 0.032813 0.030001 0.029507 0.030039 0.028405 0.029139 0.029267 0.030357 0.024736 0.030146 

n = 17 
1 0.004555 0.005242 0.005117 0.007312 0.005573 0.004296 0.004623 0.006054 0.004382 0.006563 
2 0.003822 0.003464 0.004534 0.005509 0.003902 0.003471 0.003944 0.004088 0.002932 0.004326 
3 0.004179 0.003991 0.004098 0.005004 0.003765 0.003794 0.004049 0.003215 0.003952 0.003276 
4 0.004813 0.004656 0.003868 0.004612 0.003912 0.004122 0.004164 0.003807 0.004411 0.004041 
5 0.006934 0.006723 0.005914 0.005228 0.005490 0.006796 0.006383 0.005715 0.006447 0.005562 
6 0.011148 0.009533 0.009833 0.009620 0.009452 0.009821 0.009307 0.010321 0.009799 0.008380 
7 0.018548 0.018549 0.017255 0.015316 0.015320 0.017172 0.016284 0.018887 0.017501 0.016534 
8 0.030754 0.031190 0.030948 0.029599 0.029579 0.030681 0.029880 0.031424 0.032018 0.028569 

n = 18 
1 0.013086 0.011606 0.015412 0.013452 0.009329 0.009827 0.011024 0.009449 0.012748 0.011011 
2 0.008546 0.007231 0.011400 0.008822 0.007925 0.007373 0.006867 0.008021 0.009722 0.007373 
3 0.007367 0.007509 0.007665 0.008263 0.006785 0.008594 0.007264 0.007149 0.008218 0.007772 
4 0.007517 0.006497 0.007812 0.006793 0.006939 0.007290 0.007064 0.007085 0.008199 0.008221 
5 0.008024 0.008173 0.008204 0.007836 0.009179 0.009226 0.008725 0.010737 0.008157 0.009847 
6 0.011623 0.011193 0.011552 0.011417 0.011941 0.012700 0.013063 0.012223 0.012496 0.013560 
7 0.016975 0.017748 0.016131 0.018432 0.018622 0.019664 0.019774 0.020373 0.018348 0.019100 
8 0.028128 0.031246 0.030331 0.030781 0.031311 0.033823 0.033460 0.034024 0.029693 0.033909 

n = 19 
1 0.020570 0.031248 0.025079 0.021042 0.018440 0.022347 0.019336 0.020808 0.023811 0.021942 
2 0.014333 0.022465 0.019666 0.019067 0.013091 0.020375 0.015616 0.013074 0.017946 0.013139 
3 0.016785 0.014253 0.019780 0.014196 0.013649 0.016924 0.013293 0.014026 0.016430 0.013202 
4 0.012901 0.012696 0.019694 0.014258 0.012686 0.016473 0.014454 0.014002 0.014959 0.013302 
5 0.014610 0.013336 0.017732 0.014404 0.014439 0.016945 0.014924 0.014703 0.015812 0.014031 
6 0.017579 0.015543 0.019175 0.017446 0.017702 0.019929 0.017879 0.018356 0.017308 0.017633 
7 0.022655 0.021024 0.021953 0.021763 0.024065 0.021623 0.023714 0.024663 0.022800 0.025041 
8 0.036065 0.034723 0.034486 0.034863 0.037073 0.035820 0.034704 0.036454 0.037180 0.038001 

n = 20 
1 0.065481 0.048131 0.040997 0.064271 0.043012 0.045930 0.042673 0.044590 0.066436 0.044183 
2 0.037497 0.043386 0.030015 0.036423 0.030626 0.036745 0.028585 0.029265 0.037838 0.032556 
3 0.027744 0.032198 0.026533 0.031657 0.033544 0.026159 0.027398 0.026488 0.035462 0.033837 
4 0.026871 0.027781 0.028115 0.026243 0.031819 0.029437 0.027318 0.028363 0.032689 0.029394 
5 0.026032 0.029466 0.028071 0.027962 0.031284 0.025572 0.026695 0.024837 0.025845 0.027283 
6 0.027868 0.029445 0.029778 0.030607 0.029051 0.027724 0.029618 0.028453 0.028380 0.028359 
7 0.032304 0.032482 0.033869 0.031562 0.035124 0.031948 0.036185 0.030537 0.030577 0.031964 
8 0.043093 0.043416 0.046507 0.040888 0.045636 0.046665 0.044710 0.044985 0.043154 0.045206 

n = 21 
1 0.104138 0.100661 0.098630 0.084196 0.086762 0.114211 0.082028 0.094105 0.087855 0.099239 
2 0.075471 0.060772 0.064444 0.074915 0.058938 0.080096 0.071600 0.075776 0.063726 0.076642 
3 0.069127 0.054100 0.065711 0.076427 0.062737 0.073325 0.057365 0.062921 0.056778 0.068940 
4 0.058688 0.055422 0.059242 0.061941 0.060766 0.055762 0.057391 0.054734 0.062105 0.060040 
5 0.049402 0.050016 0.055177 0.054578 0.062900 0.057687 0.058049 0.050575 0.058231 0.053989 
6 0.050952 0.051944 0.053647 0.054377 0.061964 0.050614 0.057172 0.052021 0.054801 0.055408 
7 0.055374 0.056100 0.057139 0.059158 0.059141 0.053837 0.057549 0.058387 0.059831 0.056666 
8 0.066702 0.066052 0.067516 0.065652 0.069792 0.063428 0.068647 0.067721 0.071601 0.068756 

n = 22 
1 0.279973 0.183810 0.188771 0.220592 0.272323 0.276354 0.277053 0.170147 0.232567 0.198907 
2 0.274697 0.163136 0.151095 0.200159 0.236951 0.192072 0.222921 0.127982 0.190129 0.114732 
3 0.216007 0.129936 0.148667 0.163372 0.154619 0.143922 0.130261 0.129067 0.127873 0.115681 
4 0.153806 0.106003 0.108114 0.163504 0.106849 0.113748 0.129981 0.110382 0.119665 0.102074 
5 0.114910 0.118111 0.102986 0.117652 0.103304 0.105164 0.118545 0.111472 0.110688 0.104307 
6 0.101475 0.113017 0.103913 0.116886 0.099847 0.100329 0.114742 0.110873 0.112055 0.102462 
7 0.104149 0.106940 0.110036 0.118217 0.098280 0.101021 0.115678 0.111453 0.108602 0.107785 
8 0.112255 0.113660 0.116959 0.116815 0.111551 0.108208 0.127923 0.118150 0.112582 0.117597 

n = 23 
1 0.446168 0.535949 0.449115 0.566546 0.421107 0.360067 0.459618 0.608103 0.360579 0.478399 
2 0.325721 0.404920 0.272755 0.472287 0.323964 0.303798 0.293365 0.435228 0.276200 0.325654 
3 0.232414 0.347412 0.228145 0.310983 0.283551 0.264701 0.211950 0.305011 0.253852 0.250434 
4 0.212633 0.271104 0.222754 0.246687 0.294694 0.220542 0.225524 0.248985 0.275722 0.222599 
5 0.219378 0.210685 0.203676 0.228749 0.247114 0.209594 0.213570 0.242413 0.239658 0.214167 
6 0.231179 0.221046 0.213388 0.236325 0.228995 0.209554 0.237320 0.251524 0.227959 0.210916 
7 0.228598 0.203954 0.215795 0.209171 0.212720 0.214345 0.228268 0.219151 0.245748 0.211298 
8 0.225467 0.204988 0.219179 0.211531 0.222043 0.226957 0.235964 0.214058 0.247158 0.256469 

n = 24 
1 1.184507 1.231601 1.135736 0.929510 1.226586 1.164023 0.796394 0.840699 0.732803 1.173250 
2 1.009997 0.939096 0.681812 0.659059 0.742165 0.992281 0.563434 0.522864 0.653075 0.817544 
3 0.779019 0.605382 0.544523 0.459040 0.718104 0.823622 0.547839 0.490732 0.619564 0.520194 
4 0.571114 0.510834 0.557014 0.437465 0.453321 0.635786 0.466185 0.455106 0.511628 0.437932 
5 0.496999 0.514964 0.437545 0.431060 0.427140 0.533571 0.452337 0.419572 0.462285 0.465514 
6 0.482546 0.423547 0.429749 0.421958 0.425360 0.497330 0.448159 0.448356 0.468121 0.436020 
7 0.436285 0.416333 0.432963 0.430169 0.429419 0.496589 0.451883 0.438703 0.453477 0.446553 
8 0.475759 0.439604 0.441513 0.433249 0.434598 0.444611 0.466061 0.448326 0.450064 0.430147 

n = 25 
1 1.934007 1.874169 1.536995 2.273519 2.421521 1.733865 2.683354 1.898799 1.609061 2.250090 
2 1.563560 1.095252 1.394907 1.495165 1.511821 1.367495 1.685224 1.472568 1.180061 1.571809 
3 1.074128 1.082893 0.927919 1.361346 1.280202 1.343299 1.090991 1.053710 0.967804 1.443542 
4 0.868717 0.944052 0.932655 1.024955 1.184539 1.067157 0.950505 0.943648 1.026977 1.075918 
5 0.881421 0.947490 0.948415 0.922814 1.056689 1.086787 1.004770 0.908347 0.966062 0.883747 
6 0.877467 0.934247 0.935670 0.894265 1.034000 1.089329 0.995863 0.887401 0.963796 0.844080 
7 0.852002 0.997097 0.938256 0.870622 0.967084 1.091616 1.003251 0.868413 0.913767 0.865291 
8 0.856127 0.967641 0.924042 0.859328 0.932246 0.939215 0.992499 0.868300 0.917392 0.850862 

n = 26 
1 4.648830 4.414283 3.525464 3.332654 4.753944 3.784473 4.465188 3.529759 4.678639 4.271551 
2 4.155482 3.033170 2.463550 2.804751 2.658753 3.266651 4.208538 3.286706 3.712978 3.321615 
3 3.522987 2.931399 2.481514 2.392853 2.167258 3.274371 3.430056 2.706505 2.895663 2.376815 
4 2.444923 2.425691 2.462249 2.055658 1.800504 2.847762 2.984816 2.086605 2.359622 1.915493 
5 1.856627 2.165858 2.333062 2.022092 1.797255 2.724363 2.863057 1.992171 2.200074 1.948379 
6 1.939618 2.024944 2.050604 1.865862 1.840146 2.228911 2.426066 2.047153 2.125857 1.940114 
7 1.774577 1.799911 1.923987 1.871205 1.733200 1.937332 2.136918 1.868338 2.019731 1.830730 
8 1.806156 1.802730 1.856460 1.930212 1.804893 1.891170 2.027334 1.842100 1.846267 1.827534 


Sequential Quicksort, 
n 
12 0.000189 0.000178 0.000212 0.000195 0.000186 0.000213 0.000214 0.000200 0.000202 0.000181 
13 0.000408 0.000379 0.000377 0.000390 0.000381 0.000383 0.000386 0.000419 0.000374 0.000394 
14 0.000821 0.000798 0.000802 0.000800 0.000810 0.000803 0.000810 0.000814 0.000816 0.000824 
15 0.001763 0.001813 0.001709 0.001703 0.001725 0.001716 0.001720 0.001769 0.001729 0.001753 
16 0.003666 0.003641 0.003699 0.003676 0.003604 0.003635 0.003646 0.003630 0.003779 0.003683 
17 0.007767 0.007723 0.007768 0.007783 0.007747 0.007775 0.007793 0.007779 0.007870 0.007800 
18 0.015952 0.016314 0.016335 0.016272 0.016417 0.016333 0.016418 0.016572 0.016251 0.016437 
19 0.034387 0.034567 0.034156 0.033851 0.034140 0.034364 0.034415 0.034667 0.034284 0.034413 
20 0.072864 0.070528 0.071568 0.070271 0.070801 0.069547 0.071396 0.070957 0.070996 0.070240 
21 0.146024 0.152451 0.147221 0.147727 0.147190 0.144118 0.146308 0.148817 0.147059 0.148352 
22 0.304930 0.312936 0.304264 0.308950 0.301172 0.306882 0.307775 0.306389 0.306160 0.309540 
23 0.652480 0.651944 0.642648 0.634751 0.633147 0.643438 0.636680 0.633563 0.638318 0.636355 
24 1.348534 1.381026 1.342318 1.331417 1.324031 1.351242 1.336375 1.321996 1.330638 1.356113 
25 3.000252 2.761091 2.755567 2.779746 2.774569 2.778326 2.834670 2.748623 2.833851 2.761022 
26 5.801487 5.754775 5.746290 5.744363 5.798239 5.723430 5.791651 5.733925 5.714667 5.689661 

Default Quicksort,  
n 
12 0.000360 0.000255 0.000283 0.000276 0.000260 0.000281 0.000281 0.000275 0.000274 0.000256 
13 0.000621 0.000535 0.000536 0.000569 0.000536 0.000535 0.000536 0.000554 0.000535 0.000627 
14 0.001253 0.001282 0.001247 0.001246 0.001278 0.001284 0.001300 0.001249 0.001245 0.001258 
15 0.002702 0.002686 0.002672 0.002666 0.002671 0.002666 0.002742 0.002714 0.002713 0.002671 
16 0.005791 0.005622 0.005633 0.005639 0.005653 0.005647 0.005629 0.005646 0.005695 0.005663 
17 0.012050 0.011858 0.011850 0.011820 0.011838 0.011846 0.011893 0.011869 0.011868 0.012054 
18 0.024554 0.025059 0.024946 0.024875 0.024779 0.025282 0.024792 0.025220 0.025038 0.024780 
19 0.052826 0.051662 0.051474 0.051746 0.051592 0.050652 0.051723 0.050889 0.050424 0.053100 
20 0.105984 0.105988 0.106527 0.104621 0.105008 0.107491 0.109624 0.105702 0.107512 0.110858 
21 0.223793 0.220521 0.222818 0.223381 0.222000 0.224709 0.223874 0.225276 0.224031 0.222246 
22 0.475501 0.475775 0.471719 0.466249 0.462356 0.471569 0.469200 0.465417 0.466634 0.470075 
23 0.989062 0.999153 0.980965 0.970914 0.971689 0.979992 0.967346 0.983235 0.976564 0.983368 
24 2.061460 2.087034 2.038942 2.087921 2.040249 2.084128 2.061416 2.043228 2.034679 2.047337 
25 4.519996 4.244660 4.235479 4.218078 4.240986 4.228602 4.251557 4.251913 4.277640 4.260701 
26 8.989867 9.093670 8.799033 8.840483 8.832294 8.848712 8.919167 8.817732 8.891845 8.817433 

PTHREADS Quicksort, 
n = 12 
1 0.000412 0.000264 0.000272 0.000294 0.000220 0.000227 0.000262 0.000323 0.000325 0.000236 
2 0.000398 0.000308 0.000319 0.000257 0.000263 0.000285 0.000350 0.000387 0.000327 0.000377 
3 0.000979 0.000878 0.000813 0.000773 0.000825 0.000857 0.000895 0.000909 0.000935 0.000939 
4 0.002500 0.002079 0.001809 0.002124 0.001553 0.002299 0.002155 0.001870 0.001743 0.002056 
5 0.004523 0.004022 0.004793 0.003693 0.004127 0.004268 0.004395 0.003420 0.004443 0.004340 
6 0.007622 0.006345 0.007689 0.006010 0.008255 0.008696 0.008098 0.007281 0.006913 0.007971 
7 0.013325 0.011059 0.015359 0.011510 0.014314 0.016402 0.016085 0.011805 0.013364 0.012465 
8 0.020596 0.020473 0.023196 0.018211 0.021359 0.020329 0.027232 0.018005 0.018519 0.022878 

n = 13 
1 0.000303 0.000355 0.000408 0.000288 0.000297 0.000344 0.000356 0.000355 0.000356 0.000441 
2 0.000355 0.000367 0.000489 0.000309 0.000369 0.000444 0.000318 0.000371 0.000321 0.000362 
3 0.000865 0.000931 0.000998 0.000805 0.000848 0.000833 0.000777 0.000890 0.000860 0.001119 
4 0.001849 0.002041 0.002017 0.002024 0.001827 0.001995 0.001510 0.001729 0.002260 0.001740 
5 0.003806 0.003985 0.004478 0.004466 0.003486 0.004564 0.003754 0.003791 0.003720 0.003706 
6 0.007823 0.007904 0.007929 0.007339 0.007360 0.007151 0.006505 0.007528 0.008472 0.007268 
7 0.016481 0.014609 0.014325 0.014978 0.012318 0.015770 0.011174 0.014915 0.014338 0.013199 
8 0.026457 0.024528 0.023157 0.026117 0.023929 0.026789 0.019835 0.025828 0.026659 0.022371 

n = 14 
1 0.000866 0.000908 0.000735 0.000664 0.000620 0.000588 0.000850 0.000710 0.000789 0.000696 
2 0.000766 0.000808 0.000600 0.000592 0.000529 0.000526 0.000648 0.000658 0.000794 0.000691 
3 0.001043 0.001122 0.000973 0.001241 0.000959 0.000963 0.000830 0.001147 0.001007 0.001015 
4 0.002140 0.001959 0.001615 0.001889 0.002221 0.001996 0.001754 0.001965 0.001568 0.002123 
5 0.003743 0.004034 0.004399 0.003636 0.003711 0.004261 0.003586 0.003923 0.003825 0.003428 
6 0.007696 0.007528 0.008046 0.008757 0.007724 0.007646 0.007455 0.007926 0.006586 0.008203 
7 0.015783 0.013941 0.013906 0.014781 0.015655 0.014065 0.012485 0.015215 0.013519 0.016341 
8 0.028531 0.022778 0.026606 0.029309 0.027652 0.026018 0.021612 0.028674 0.023995 0.025816 

n = 15 
1 0.001069 0.001491 0.001495 0.001182 0.001516 0.001567 0.001740 0.001481 0.001051 0.001413 
2 0.000798 0.001028 0.001260 0.001042 0.001198 0.001158 0.001445 0.001901 0.000769 0.001434 
3 0.001270 0.001415 0.001489 0.001277 0.001465 0.001416 0.001667 0.002259 0.001241 0.001495 
4 0.002476 0.002108 0.002214 0.002212 0.001946 0.002078 0.002014 0.003044 0.002048 0.002565 
5 0.004274 0.005061 0.004317 0.004373 0.003645 0.004168 0.003788 0.005143 0.004414 0.004076 
6 0.008263 0.008292 0.007337 0.008394 0.007453 0.007147 0.007898 0.007740 0.006945 0.007799 
7 0.016179 0.015654 0.015814 0.013104 0.015060 0.014743 0.014052 0.014302 0.014878 0.014892 
8 0.028331 0.027865 0.029419 0.028618 0.029658 0.027868 0.026517 0.028053 0.030326 0.027320 

n = 16 
1 0.003365 0.002607 0.003378 0.002651 0.003145 0.002611 0.002280 0.002846 0.003754 0.002605 
2 0.002343 0.001739 0.002115 0.002354 0.001930 0.001935 0.002152 0.001836 0.003776 0.001682 
3 0.002274 0.002428 0.001868 0.002106 0.001855 0.002392 0.002691 0.002010 0.003113 0.001887 
4 0.003185 0.002904 0.002468 0.002572 0.002556 0.003006 0.002703 0.002567 0.003343 0.002433 
5 0.004467 0.004009 0.003825 0.004666 0.004502 0.005168 0.004724 0.004532 0.004690 0.004707 
6 0.008151 0.008148 0.007260 0.007758 0.007648 0.008103 0.008064 0.007776 0.007742 0.008006 
7 0.015254 0.016277 0.014991 0.014832 0.015274 0.015889 0.015528 0.016118 0.014035 0.015510 
8 0.029616 0.028734 0.029269 0.028370 0.028159 0.029836 0.028332 0.030271 0.022817 0.028409 

n = 17 
1 0.004389 0.005252 0.005116 0.007312 0.005578 0.004283 0.004600 0.006039 0.004388 0.006632 
2 0.003794 0.003477 0.004586 0.005456 0.003943 0.003479 0.003952 0.004144 0.002957 0.004339 
3 0.003652 0.004069 0.004058 0.004587 0.003930 0.003807 0.003956 0.003264 0.003908 0.003636 
4 0.004542 0.004731 0.003995 0.004509 0.003961 0.004218 0.004123 0.003730 0.004971 0.004591 
5 0.006487 0.005615 0.006174 0.005641 0.005920 0.006250 0.006262 0.005608 0.007115 0.006364 
6 0.010631 0.009372 0.009968 0.008747 0.010061 0.009733 0.008409 0.009250 0.010094 0.011082 
7 0.017938 0.015555 0.017531 0.016850 0.016119 0.017694 0.016458 0.017750 0.017249 0.017440 
8 0.031217 0.033175 0.028188 0.029096 0.029909 0.030404 0.030513 0.028323 0.033048 0.031240 

n = 18 
1 0.012874 0.012329 0.015033 0.013604 0.009499 0.009933 0.010864 0.009494 0.012818 0.010936 
2 0.008426 0.011084 0.011511 0.009064 0.008052 0.009933 0.006651 0.008083 0.009685 0.006995 
3 0.007467 0.012538 0.007704 0.008323 0.006983 0.011057 0.007212 0.007080 0.007760 0.007616 
4 0.006573 0.006775 0.007716 0.007189 0.006706 0.009128 0.007083 0.006941 0.008123 0.008202 
5 0.007995 0.007581 0.008239 0.007610 0.008434 0.009884 0.008169 0.008247 0.007955 0.009293 
6 0.013853 0.010480 0.010961 0.011915 0.011863 0.012369 0.011615 0.012384 0.011459 0.012730 
7 0.018792 0.017613 0.017226 0.017336 0.017686 0.019055 0.018077 0.021078 0.017404 0.019606 
8 0.030964 0.032394 0.029543 0.029679 0.034376 0.033573 0.033404 0.035598 0.031601 0.030483 

n = 19 
1 0.020246 0.030696 0.025856 0.020224 0.019333 0.022324 0.019874 0.020638 0.023002 0.022681 
2 0.014441 0.022301 0.019960 0.015725 0.013164 0.020538 0.016145 0.013073 0.017607 0.015091 
3 0.016287 0.014463 0.020912 0.012436 0.013829 0.017239 0.013385 0.014038 0.016627 0.016000 
4 0.013439 0.012965 0.020073 0.014091 0.012480 0.017881 0.013133 0.014379 0.013310 0.015669 
5 0.014178 0.013161 0.016435 0.013428 0.014819 0.015723 0.014437 0.013983 0.015666 0.013644 
6 0.017413 0.014852 0.016752 0.017532 0.017468 0.018060 0.018191 0.017262 0.017236 0.016187 
7 0.024153 0.020895 0.023351 0.023585 0.024028 0.023697 0.023283 0.023564 0.023339 0.021825 
8 0.034124 0.033133 0.037197 0.036068 0.037695 0.036200 0.036800 0.036276 0.035990 0.036059 

n = 20 
1 0.064886 0.049565 0.040023 0.063458 0.043177 0.047207 0.043140 0.044320 0.067003 0.045765 
2 0.037027 0.045480 0.029874 0.036259 0.029719 0.037472 0.029476 0.029412 0.038563 0.033480 
3 0.027567 0.038303 0.030041 0.030979 0.033614 0.026419 0.027197 0.026260 0.036001 0.034099 
4 0.029971 0.030255 0.028513 0.025815 0.034115 0.030082 0.027952 0.027268 0.031961 0.027336 
5 0.026151 0.030198 0.025825 0.027600 0.031884 0.025988 0.026757 0.029078 0.026847 0.027272 
6 0.027321 0.027767 0.029707 0.030143 0.028025 0.026820 0.028869 0.028734 0.026052 0.026952 
7 0.032018 0.033470 0.034344 0.030738 0.033648 0.033663 0.035647 0.031818 0.028942 0.032082 
8 0.044574 0.047487 0.047528 0.042914 0.043145 0.045613 0.047569 0.043433 0.041475 0.044029 

n = 21 
1 0.102020 0.104176 0.097877 0.084152 0.087240 0.114040 0.082242 0.097431 0.085401 0.098573 
2 0.073910 0.062016 0.064527 0.072995 0.058038 0.081963 0.071630 0.076278 0.063386 0.078668 
3 0.068261 0.054881 0.065817 0.072110 0.062817 0.075500 0.054327 0.064666 0.057403 0.069750 
4 0.058368 0.054739 0.059782 0.058847 0.058778 0.064080 0.058317 0.052727 0.055502 0.059537 
5 0.051675 0.051683 0.055124 0.053231 0.061791 0.057979 0.055105 0.050505 0.058081 0.060051 
6 0.051159 0.053279 0.054704 0.051663 0.058470 0.051617 0.056543 0.053754 0.053629 0.070072 
7 0.053739 0.059515 0.058914 0.054495 0.056412 0.053292 0.058607 0.056711 0.060299 0.064515 
8 0.063997 0.069697 0.071831 0.063311 0.068772 0.065397 0.071444 0.067219 0.070638 0.068100 

n = 22 
1 0.289966 0.179113 0.189748 0.222606 0.268874 0.275212 0.275497 0.167016 0.231642 0.199592 
2 0.280377 0.166959 0.154949 0.198131 0.238156 0.190985 0.218485 0.126128 0.207738 0.114726 
3 0.216958 0.131836 0.152243 0.163037 0.154701 0.143754 0.131270 0.127409 0.137176 0.107839 
4 0.158334 0.112220 0.108079 0.162010 0.105780 0.112993 0.131767 0.105801 0.105221 0.101629 
5 0.115810 0.116923 0.107233 0.113247 0.098245 0.107749 0.130127 0.112347 0.134232 0.102052 
6 0.101787 0.115169 0.106200 0.119038 0.095695 0.096859 0.104850 0.110123 0.115960 0.102924 
7 0.103097 0.107036 0.109055 0.115755 0.098694 0.099639 0.107283 0.108384 0.111253 0.106819 
8 0.131750 0.116318 0.120410 0.111790 0.105035 0.107790 0.110269 0.125437 0.121983 0.116609 

n = 23 
1 0.456943 0.556607 0.456369 0.556960 0.427888 0.367431 0.453756 0.617118 0.361635 0.482938 
2 0.329505 0.421545 0.272227 0.471377 0.323749 0.306693 0.295980 0.434232 0.274931 0.327465 
3 0.246951 0.363280 0.234677 0.308594 0.284144 0.266928 0.220218 0.304280 0.252728 0.255563 
4 0.223398 0.270665 0.232707 0.241755 0.287295 0.217060 0.229543 0.246642 0.273790 0.223850 
5 0.221080 0.228240 0.216173 0.227497 0.245612 0.216977 0.212194 0.243155 0.233445 0.211178 
6 0.239071 0.224741 0.211807 0.245390 0.232262 0.211802 0.223461 0.250438 0.223074 0.225786 
7 0.231120 0.211536 0.211055 0.208699 0.213692 0.217296 0.248027 0.224547 0.246638 0.208837 
8 0.237831 0.212666 0.219395 0.208685 0.220467 0.228636 0.230515 0.217108 0.229370 0.215805 

n = 24 
1 1.243820 1.234667 1.141085 0.948818 1.257354 1.168554 0.797369 0.838063 0.722289 1.176354 
2 1.041488 0.946098 0.697638 0.668325 0.757757 1.014230 0.556108 0.525342 0.637211 0.782523 
3 0.803656 0.612310 0.563274 0.452524 0.735972 0.826971 0.545360 0.492883 0.609663 0.517269 
4 0.582164 0.521647 0.567493 0.429695 0.455331 0.639655 0.456270 0.457100 0.510424 0.434899 
5 0.511879 0.521897 0.450353 0.423820 0.434786 0.535534 0.446699 0.431239 0.458701 0.454339 
6 0.501369 0.472016 0.439329 0.420185 0.434649 0.505435 0.445874 0.448135 0.467958 0.439233 
7 0.448475 0.456720 0.451262 0.429091 0.444880 0.483257 0.462491 0.427930 0.443713 0.435839 
8 0.474189 0.451605 0.432587 0.430901 0.434713 0.436594 0.447299 0.442580 0.447754 0.453492 

n = 25 
1 1.974434 1.863697 1.541396 2.236016 2.406549 1.708284 2.670695 1.914233 1.582870 2.247700 
2 1.583024 1.087688 1.390186 1.477749 1.467236 1.362261 1.702622 1.479150 1.164849 1.560531 
3 1.096769 1.083242 0.921233 1.351548 1.273330 1.356386 1.082403 1.062677 0.952784 1.413171 
4 0.998557 0.940664 0.926064 1.011190 1.183899 1.064732 0.931430 0.956009 1.002189 1.077925 
5 0.925045 0.973985 0.938083 0.926869 1.048870 1.074639 1.020904 0.905227 0.935389 0.898483 
6 0.908279 0.950162 0.918700 0.883902 1.023539 1.089449 0.979882 0.917996 0.926116 0.846223 
7 0.927932 0.938823 0.940521 0.864759 0.967621 1.072333 1.018115 0.875599 0.897966 0.861246 
8 1.059525 0.912312 0.926013 0.857322 0.935653 0.923697 0.964253 0.886707 0.937576 0.859285 

n = 26 
1 4.717284 4.430954 3.520770 3.302020 4.701821 3.775880 4.472504 3.595503 4.724101 4.168141 
2 4.211902 3.083719 2.464269 2.835444 2.653329 3.253305 4.223830 3.292384 3.725980 3.331181 
3 3.631532 3.008167 2.473102 2.373401 2.166505 3.296192 3.456055 2.763306 2.895350 2.379087 
4 2.545605 2.466376 2.447741 2.000208 1.823704 2.839305 3.004026 2.098355 2.352686 1.911502 
5 1.919633 2.138731 2.311059 2.004990 1.801756 2.732639 2.871030 2.064982 2.216757 1.941450 
6 1.969083 1.993616 2.040792 1.889123 1.862512 2.233224 2.402209 2.102543 2.155503 2.004830 
7 1.832714 1.837271 1.911421 1.835774 1.790479 1.930145 2.091616 2.043221 1.981205 1.948334 
8 1.865813 1.844716 1.862667 1.860806 1.778195 1.900273 1.995276 1.927351 1.855870 1.921575 

